2.549953774123015364e+02 1.479323842570586578e+02 4.373835440631238747e+00
2.549967915201064841e+02 1.455448117691795744e+02 4.626354691510599970e+00
2.549951516303831056e+02 1.780605570871755958e+02 1.781531039072155309e+01
2.549949258484646748e+02 1.613531466869474400e+02 1.105480558988496931e+01
2.549978253636277259e+02 1.609725853217986469e+02 1.061251069493297905e+01
2.549953655290426866e+02 1.611207933263618202e+02 1.037053189466679370e+01
2.549958646259150044e+02 1.776883853027854343e+02 1.695213423329213853e+01
2.549904102100960301e+02 1.732439989542732235e+02 1.426434309344994844e+01
2.549971004848369489e+02 1.697591501093259865e+02 1.380114554615457756e+01
2.549960547580568573e+02 1.718972929936305718e+02 1.372167031086605249e+01
2.549971836676490113e+02 1.723669193839718616e+02 1.438962829166270474e+01
2.549953655290426866e+02 1.737836652723642885e+02 1.468026903698070207e+01
2.549964825553759908e+02 1.715871637037741095e+02 1.426420049434356940e+01
2.549970886015780991e+02 1.722119498051145570e+02 1.432946335202966104e+01
2.549972668504610738e+02 1.723414297937066237e+02 1.445091025762905268e+01
2.549968152866242121e+02 1.733966869474284636e+02 1.500661897518775589e+01
2.549958408593972763e+02 1.748011217796368442e+02 1.547658998003612574e+01
2.549984432930886840e+02 1.739650988687137669e+02 1.562944433881547646e+01
2.549988710904078459e+02 1.751244177203156198e+02 1.572660186329498977e+01
2.549979798459929725e+02 1.743325173495579463e+02 1.577212662800646470e+01
2.549967796368476058e+02 1.752096206863770362e+02 1.584032465063218886e+01
2.549982769274645875e+02 1.734205604144880795e+02 1.579901844281775780e+01
2.549983957600532278e+02 1.743119711949805151e+02 1.598217511170263272e+01
2.549968034033653339e+02 1.759101150299458141e+02 1.634286766802928170e+01
2.549976352314858730e+02 1.760284247552048669e+02 1.640734623063028863e+01
2.549989780397376080e+02 1.740750784295085225e+02 1.593655528092024021e+01
2.549992632379503732e+02 1.726899182431790223e+02 1.593416674588839221e+01
2.549969460024717307e+02 1.753557491206388477e+02 1.639461926038596928e+01
2.549968747029185181e+02 1.762241657952276910e+02 1.671301929841239797e+01
2.549966964540355434e+02 1.775963732293944304e+02 1.696192603859682535e+01
2.549970886015780991e+02 1.757598393383401572e+02 1.671768941914630702e+01
2.549962330069398320e+02 1.751992822511645613e+02 1.646673875843711343e+01
2.549979679627340943e+02 1.726178938111987691e+02 1.581176917957980876e+01
2.549985264759007464e+02 1.732612653294039262e+02 1.599273932883353844e+01
2.549973262667554081e+02 1.743153341572392776e+02 1.644637085274265687e+01
2.549945099344044195e+02 1.769239946763000262e+02 1.715266422663751200e+01
2.549979679627340943e+02 1.745876033843521213e+02 1.697321513451849029e+01
2.549982888107234658e+02 1.757815381690274705e+02 1.711378220363152280e+01
2.549972549672021955e+02 1.758557134708622414e+02 1.718895569921095046e+01
2.549961022910923134e+02 1.770521199733815081e+02 1.748934071679817492e+01
2.549965538549291750e+02 1.758040450613176233e+02 1.728246506321893605e+01
2.549963043064930162e+02 1.759360324175301855e+02 1.727004705770510640e+01
2.549951278638653775e+02 1.761557301074246595e+02 1.752849605475805816e+01
2.549975639319326888e+02 1.758859207148968551e+02 1.757965348417149798e+01
2.549973500332731362e+02 1.762456863770320297e+02 1.746098726114649580e+01
2.549971955509078896e+02 1.761159449567449258e+02 1.757251164559368917e+01
2.549963043064930162e+02 1.774628648160471585e+02 1.774813432835820848e+01
2.549974926323795046e+02 1.762014331210191074e+02 1.768827835345565092e+01
2.549968865861773963e+02 1.768873348227017743e+02 1.779608327787812527e+01
2.549970529518014928e+02 1.770193934784675491e+02 1.795560414488069156e+01
2.549972906169788018e+02 1.771434190512406133e+02 1.804065262857686136e+01
2.549977778305922698e+02 1.753861346135564077e+02 1.741792233102005838e+01
2.549985740089362025e+02 1.743626176442627695e+02 1.704185283772221737e+01
2.549961022910923134e+02 1.755884827455081165e+02 1.705747932312957360e+01
2.549969935355071868e+02 1.755683049719555129e+02 1.705598203251259548e+01
2.549980392622872785e+02 1.758286552904268376e+02 1.706156716417910602e+01
2.549973381500142580e+02 1.761006036695503383e+02 1.713586129860252782e+01
2.549977421808156635e+02 1.763637940868903797e+02 1.713397186044300824e+01
2.549969935355071868e+02 1.773421309059796442e+02 1.711978324935830287e+01
2.549992751212092514e+02 1.753289167221218747e+02 1.683589219507557644e+01
2.549985858921950808e+02 1.773425230535221999e+02 1.711343758912444102e+01
2.549978966631809101e+02 1.765020082707481777e+02 1.686457838197547332e+01
2.549968628196596683e+02 1.778063741800551441e+02 1.699361868998954250e+01
2.549971123680958272e+02 1.769151178819279266e+02 1.681552428938111987e+01
2.549976708812624793e+02 1.777730654054568049e+02 1.696585939728111114e+01
2.549974213328263204e+02 1.775426371328073003e+02 1.684495912158950404e+01
2.549979679627340943e+02 1.780828144310295613e+02 1.693321608517920041e+01
2.549958527426561545e+02 1.785651202585797250e+02 1.699275121209240424e+01
2.549982769274645875e+02 1.766638463732294042e+02 1.688966394143929861e+01
2.549977065310390856e+02 1.770154363532655282e+02 1.658222026808632066e+01
2.549978966631809101e+02 1.757550503850175971e+02 1.620328690940203487e+01
2.549956269607377237e+02 1.769469531324270406e+02 1.619198593022150234e+01
2.549975282821561109e+02 1.749068590170168136e+02 1.592751212092404245e+01
2.549974569826028983e+02 1.759106141268181318e+02 1.603373657191748336e+01
2.549984195265709559e+02 1.756206982602909079e+02 1.602049862154197157e+01
2.549981462116170690e+02 1.762153840669265037e+02 1.634371137940868834e+01
2.549962211236809537e+02 1.772091334727635683e+02 1.641650822321513559e+01
2.549954724783724771e+02 1.774923115315143889e+02 1.650626247742180652e+01
2.549962448901986818e+02 1.772186281965966259e+02 1.630480558988497108e+01
2.549964706721171126e+02 1.765413180910732933e+02 1.627603622017301888e+01
2.549959715752447948e+02 1.766665676395094522e+02 1.644637085274265687e+01
2.549973262667554081e+02 1.763078714706721257e+02 1.642235478657666903e+01
2.549982650442057093e+02 1.765009863104857857e+02 1.637259958170928797e+01
2.549970054187660367e+02 1.774015590835630860e+02 1.651112273029755784e+01
2.549961379408688913e+02 1.774253612510694893e+02 1.674326219222359668e+01
2.549976827645213291e+02 1.774790498146211633e+02 1.679539404886396170e+01
2.549970410685426430e+02 1.772694885445384614e+02 1.668776737332446203e+01
2.549973737997908643e+02 1.770415319897328743e+02 1.668372706531038929e+01
2.549961617073866478e+02 1.767066974046962571e+02 1.642871233006939846e+01
2.549990136895142143e+02 1.735754705770510498e+02 1.572201492537313428e+01
2.549969816522483086e+02 1.754888297366669860e+02 1.581205437779256506e+01
2.549969341192128525e+02 1.748735740089362025e+02 1.599549624489019806e+01
2.549984314098298341e+02 1.758026309535127041e+02 1.606522720790949776e+01
2.549971123680958272e+02 1.757989590265234199e+02 1.614949139652058108e+01
2.549973737997908643e+02 1.755333919574104016e+02 1.618341810057990315e+01
2.549970767183192208e+02 1.766581305257153645e+02 1.616682907120448576e+01
2.549989780397376080e+02 1.742089195741040157e+02 1.592956792470767269e+01
2.549983244605000436e+02 1.754270249073105674e+02 1.608212520201540130e+01
2.549978728966631820e+02 1.748109017016826670e+02 1.591604477611940283e+01
2.549984670596064404e+02 1.753284770415438629e+02 1.596499191938397111e+01
2.549991087555851266e+02 1.747618357258294566e+02 1.585187517824888381e+01
2.549988473238900895e+02 1.748193863485122108e+02 1.577076005323699981e+01
2.549966370377412375e+02 1.758831043825458664e+02 1.582564882593402444e+01
2.549968747029185181e+02 1.760994272269226997e+02 1.588312814906359982e+01
2.549970054187660367e+02 1.759345588934309319e+02 1.580657619545584147e+01
2.549980749120638848e+02 1.750834680102671257e+02 1.572947761194029859e+01
2.549963874893050786e+02 1.770819231866146879e+02 1.576743274075482404e+01
2.549972668504610738e+02 1.753402533510790136e+02 1.543281205437779313e+01
2.549984314098298341e+02 1.740021508698545460e+02 1.497466489210000873e+01
2.549969578857305805e+02 1.735683762715086971e+02 1.478472288240327082e+01
2.549924778971385138e+02 1.755575387394239044e+02 1.516040022815857036e+01
2.549797152771176059e+02 1.777920310866051921e+02 1.557167981747314300e+01
2.549901487784009930e+02 1.766670310866051921e+02 1.563218937161327204e+01
2.549958765091738826e+02 1.767199828881072392e+02 1.537896900846087966e+01
2.549947832493583064e+02 1.763729679627340943e+02 1.559557705105047987e+01
2.549844804639224378e+02 1.788713399562695940e+02 1.599313147637608168e+01
2.549805352219792667e+02 1.782764996672687516e+02 1.580882213138131043e+01
2.549857282061032322e+02 1.782852695123110607e+02 1.576726637513071516e+01
2.549822226447381013e+02 1.783444956744937713e+02 1.567822511645593764e+01
2.549856331400323199e+02 1.784964944386348407e+02 1.568737522578191879e+01
2.549874869284152510e+02 1.787407785911208293e+02 1.570653103907215531e+01
2.549940702538264077e+02 1.764948188991349127e+02 1.563481557182241666e+01
2.549902676109896333e+02 1.786383686662230161e+02 1.553197784960547523e+01
2.549919669170073178e+02 1.770679247076718354e+02 1.534317663275976784e+01
2.549943198022625666e+02 1.781041092309154976e+02 1.551196644167696626e+01
2.549898754634471061e+02 1.780344733339670995e+02 1.546078524574579305e+01
2.549924660138796355e+02 1.772133757961783544e+02 1.528738473238901108e+01
2.549909568400038040e+02 1.762850556136514797e+02 1.459322416579522752e+01
2.549977659473333915e+02 1.723188040688278306e+02 1.403099153911968777e+01
2.549961854739043758e+02 1.748824626865671519e+02 1.447531847133758021e+01
2.549939038882023112e+02 1.755672830116931209e+02 1.449906122254967222e+01
2.549952110466774400e+02 1.754730487688943867e+02 1.457062220743416603e+01
2.549941653198973199e+02 1.755794752352885268e+02 1.453366527236429384e+01
2.549949139652058250e+02 1.755859991444053492e+02 1.455419954368285929e+01
2.549943673352980227e+02 1.767759292708432497e+02 1.471325696358969459e+01
2.549947832493583064e+02 1.765483529803213116e+02 1.477806825743891928e+01
2.549923590645498734e+02 1.767901772982222610e+02 1.472338150014259917e+01
2.549954843616313269e+02 1.749216180245270493e+02 1.465050147352409837e+01
2.549952348131951680e+02 1.767271009601673200e+02 1.462370472478372463e+01
2.549931790094115343e+02 1.763113176157429507e+02 1.463111987831542926e+01
2.549927630953512789e+02 1.779674042209335596e+02 1.494429128244129679e+01
2.549935236239186338e+02 1.771429318376271453e+02 1.485515495769559813e+01
2.549973262667554081e+02 1.768314122064834919e+02 1.492490968723262590e+01
2.549915272364293060e+02 1.780656906550052270e+02 1.476744462401368985e+01
2.549956626105143016e+02 1.761914630668314601e+02 1.482169170073200881e+01
2.549934285578476931e+02 1.778823082042019337e+02 1.481344471907975979e+01
2.549958765091738826e+02 1.763882736001521039e+02 1.481375368381024771e+01
2.549921095161136861e+02 1.791677440821370908e+02 1.523251972620971628e+01
2.549944386348512353e+02 1.771433477516874291e+02 1.485476281015305666e+01
2.549930720600817438e+02 1.779746054758056744e+02 1.495017349557942765e+01
2.549953892955604147e+02 1.754476185949234832e+02 1.432179865006179220e+01
2.549968509364007900e+02 1.754812957505466215e+02 1.416719745222929916e+01
2.549932503089647184e+02 1.753427013024051746e+02 1.427028472288240302e+01
2.549891149348797512e+02 1.771330330829926822e+02 1.454882831067591908e+01
2.549873324460500044e+02 1.772035126913204692e+02 1.443099391577146129e+01
2.549940464873086796e+02 1.764328120543777914e+02 1.438050194885445343e+01
2.549920738663371083e+02 1.770159116836201179e+02 1.466048341097062391e+01
2.549939870710143452e+02 1.770075221028614862e+02 1.467587223120068529e+01
2.549948545489114906e+02 1.768868832588649127e+02 1.453706388439965735e+01
2.549959834585036731e+02 1.763299386823842667e+02 1.459561270082707551e+01
2.549875106949329790e+02 1.783473595398802161e+02 1.515782156098488365e+01
2.549877364768514099e+02 1.782279565548055871e+02 1.548892480273790362e+01
2.549895070824222785e+02 1.787690963969959057e+02 1.551295275216275371e+01
2.549958170928795482e+02 1.761689918243179136e+02 1.533520296606141287e+01
2.549950803308299214e+02 1.777256868523624007e+02 1.568864673448046432e+01
2.549933572582945089e+02 1.775771342332921279e+02 1.566623490826124154e+01
2.549950090312767372e+02 1.776514402509744173e+02 1.563695455841810045e+01
2.549942247361916543e+02 1.768250427797319162e+02 1.575240041829071203e+01
2.549916817187945526e+02 1.778500332731248079e+02 1.608584466204011676e+01
2.549891624679152073e+02 1.785111227302975578e+02 1.637042494533701031e+01
2.549909924897804103e+02 1.789628885825648865e+02 1.663640792851031591e+01
2.549946168837341816e+02 1.778330758627245984e+02 1.649001806255347446e+01
2.549947238330639721e+02 1.777399467630002903e+02 1.648785530944006084e+01
2.549931790094115343e+02 1.782006725924517525e+02 1.657090740564692410e+01
2.549961260576100415e+02 1.775584537503565059e+02 1.661974759958171077e+01
2.549964350223405347e+02 1.775938539785150567e+02 1.663005038501758648e+01
2.549967796368476058e+02 1.767549553189466565e+02 1.666627055803783719e+01
2.549915272364293060e+02 1.791831804354026190e+02 1.698532417530183380e+01
2.549932265424469904e+02 1.771054639224260825e+02 1.642298459929651244e+01
2.549945337009221475e+02 1.760073913870139677e+02 1.628384352124726675e+01
2.549958527426561545e+02 1.747666246791520166e+02 1.607358113889153017e+01
2.549958883924327324e+02 1.754719317425610825e+02 1.605733672402319456e+01
2.549963637227873505e+02 1.751928296416009232e+02 1.602167506416959952e+01
2.549960785245745853e+02 1.762735407358113946e+02 1.642609801311911610e+01
2.549920025667839241e+02 1.771950636942675033e+02 1.642401844281775780e+01
2.549954368285958708e+02 1.761122017302024858e+02 1.639383496530088280e+01
2.549945574674398756e+02 1.766603170453465168e+02 1.624243036410305052e+01
2.549959715752447948e+02 1.755072012548721432e+02 1.631179294609753683e+01
2.549958527426561545e+02 1.768713399562695940e+02 1.633918385778115834e+01
2.549984789428652903e+02 1.749927630953512789e+02 1.591666270558037866e+01
2.549987879075957835e+02 1.749530373609658795e+02 1.581902985074626855e+01
2.549973619165319860e+02 1.743532655195360803e+02 1.573747504515638340e+01
2.549932978420002030e+02 1.765933429983838892e+02 1.607564882593402444e+01
2.549945455841809974e+02 1.767118309725259166e+02 1.621729727160376555e+01
2.549951278638653775e+02 1.777426799125392165e+02 1.631048578762239742e+01
2.549919550337484679e+02 1.777625843711379332e+02 1.632895237189847037e+01
2.549915391196881842e+02 1.781946002471717918e+02 1.646045251449757529e+01
2.549918718509364055e+02 1.784711949805114557e+02 1.633490588458979076e+01
2.549937375225781864e+02 1.778930031371803295e+02 1.634716940773837734e+01
2.549899348797414120e+02 1.794605000475330314e+02 1.643232484076433053e+01
2.549916460690179747e+02 1.785311341382260650e+02 1.630286861868998827e+01
2.549967202205532715e+02 1.773768419051240528e+02 1.596613271223500341e+01
2.549968509364007900e+02 1.771031585702062898e+02 1.565520724403460484e+01
2.549960666413157071e+02 1.773945123110561894e+02 1.568966869474284564e+01
2.549961022910923134e+02 1.771616955033748582e+02 1.566907500712995471e+01
2.549954962448902052e+02 1.764949971480178590e+02 1.545994153436638463e+01
2.549902676109896333e+02 1.770419003707576735e+02 1.506831685521437336e+01
2.549883781728301244e+02 1.761246316189752008e+02 1.500848464682954742e+01
2.549909211902271977e+02 1.760728087270653077e+02 1.493458265994866352e+01
2.549933334917767809e+02 1.756047746934119118e+02 1.504905409259435345e+01
2.549921213993725644e+02 1.774620448711854692e+02 1.539609278448521756e+01
2.549880692080996312e+02 1.784952229299363182e+02 1.559430554235193433e+01
2.549911232056279005e+02 1.781820515258104365e+02 1.550352932788287852e+01
2.549918005513832213e+02 1.765529755680197752e+02 1.530854881642741638e+01
2.549906122254967329e+02 1.761833586842855652e+02 1.530009981937446462e+01
2.549892337674683915e+02 1.773036410305162178e+02 1.532301074246601402e+01
2.549931314763760781e+02 1.770571465918813487e+02 1.542558703298792722e+01
2.549923590645498734e+02 1.773354762810153034e+02 1.553890578952371904e+01
2.549898516969293780e+02 1.772361322369046377e+02 1.564155337959882175e+01
2.549900537123300808e+02 1.774235906454986207e+02 1.558942152295845673e+01
2.549917411350888869e+02 1.782924707671832039e+02 1.539237332446050033e+01
2.549925729632094260e+02 1.779513380549481951e+02 1.530133567829641628e+01
2.549930482935640157e+02 1.777999809867858119e+02 1.516504658237475134e+01
2.549895070824222785e+02 1.783670144500427739e+02 1.510428747979845987e+01
2.549874631618975229e+02 1.791323319707196617e+02 1.506949329784199954e+01
2.549953417625249585e+02 1.777326147922806285e+02 1.487242133282631507e+01
2.549978491301454540e+02 1.762991491586652728e+02 1.435528567354311313e+01
2.549961854739043758e+02 1.768184238045441532e+02 1.453938111987831583e+01
2.549846230630288062e+02 1.804423899610229114e+02 1.500541876604239988e+01
2.549802856735431078e+02 1.796242870044681013e+02 1.479843616313337762e+01
2.549907785911208293e+02 1.774580996292423265e+02 1.408400275691605685e+01
2.549915628862059123e+02 1.760417102386158490e+02 1.374089742370947853e+01
2.549863223690464906e+02 1.771911541021009668e+02 1.391066165985359859e+01
2.549746767753588870e+02 1.789349510409734876e+02 1.397405884589789871e+01
2.549850865101245461e+02 1.781045489114934810e+02 1.399543682859587435e+01
2.549818423804544238e+02 1.798793611560034265e+02 1.431329023671451672e+01
2.549840407833444260e+02 1.788562719840288935e+02 1.420201540070348933e+01
2.549880810913584810e+02 1.791572511645593693e+02 1.408925515733434786e+01
2.549944861678866914e+02 1.764381476376081253e+02 1.364299125392147616e+01
2.549936186899895461e+02 1.772341120828976102e+02 1.363551668409544604e+01
2.549880335583230249e+02 1.779302333872041118e+02 1.362294419621636976e+01
2.549912301549576910e+02 1.785096610894571825e+02 1.368722074341667394e+01
2.549892456507272414e+02 1.783174018442817896e+02 1.361449519916341799e+01
2.549906122254967329e+02 1.783455889343093475e+02 1.375279256583325349e+01
2.549857638558798385e+02 1.797171427892385225e+02 1.386251069493297905e+01
2.549942960357448385e+02 1.771052143739899236e+02 1.368585416864720905e+01
2.549872611464968202e+02 1.800252043920524727e+02 1.414845755299933394e+01
2.549869759482840550e+02 1.787127103336819118e+02 1.405507890483886335e+01
2.549811056184047970e+02 1.805524645878885792e+02 1.425250736762049542e+01
2.549874988116741008e+02 1.783827003517444609e+02 1.399298887726970264e+01
2.549861916531989721e+02 1.805655955889343147e+02 1.444858113889153017e+01
2.549899705295180183e+02 1.789139770890768943e+02 1.411488734670596124e+01
2.549934166745888433e+02 1.790536885635516740e+02 1.417299648255537647e+01
2.549912420382165692e+02 1.786515115505276299e+02 1.416169550337484573e+01
2.549920144500427739e+02 1.779447903793136163e+02 1.389958646259150044e+01
2.549873680958266107e+02 1.778945954938682519e+02 1.376756345660233904e+01
2.549894714326457006e+02 1.772717344804639197e+02 1.393246743987070957e+01
2.549890079855499607e+02 1.775803308299267940e+02 1.393151677916151776e+01
2.549925491966916979e+02 1.761791044776119293e+02 1.378998716608042585e+01
2.549905052761669424e+02 1.778640436353265386e+02 1.402860300408784155e+01
2.549915391196881842e+02 1.772502614316950371e+02 1.414741182621922277e+01
2.549895546154577346e+02 1.785413537408498996e+02 1.448293564026998759e+01
2.549856925563266543e+02 1.784250641695978743e+02 1.456356355166840899e+01
2.549879147257343845e+02 1.783277878125297207e+02 1.478827597680387917e+01
2.549892337674683915e+02 1.781625629812719751e+02 1.459721694077383702e+01
2.549907429413442230e+02 1.777033700922141009e+02 1.462432265424470046e+01
2.549860015210571476e+02 1.794966726875178153e+02 1.484788240327027253e+01
2.549844091643692252e+02 1.790185497670881318e+02 1.492266375130715872e+01
2.549899111132236840e+02 1.782120092214088913e+02 1.508805494818899184e+01
2.549913489875463313e+02 1.783957600532370122e+02 1.506605903603004037e+01
2.549920382165605020e+02 1.789334062173210498e+02 1.513524336914155377e+01
2.549894357828690943e+02 1.795767302024907224e+02 1.519672735050860268e+01
2.549851815761954583e+02 1.797149325030896421e+02 1.520914535602243589e+01
2.549922758817378110e+02 1.785421380359349826e+02 1.515373371993535478e+01
2.549956269607377237e+02 1.779746767753588870e+02 1.482126390341287170e+01
2.549954724783724771e+02 1.776533653389105325e+02 1.496452847228824012e+01
2.549937375225781864e+02 1.789781466869474400e+02 1.508507225021389786e+01
2.549951159806065277e+02 1.778228800266184919e+02 1.511349700541876651e+01
2.549912063884399629e+02 1.788784817948474313e+02 1.521262715086985473e+01
2.549918599676775273e+02 1.770866764901606700e+02 1.473751069493297905e+01
2.549913965205818158e+02 1.768383639129194762e+02 1.462145878885825567e+01
2.549937018728016085e+02 1.758042233102005980e+02 1.448836628957125150e+01
2.549944624013689634e+02 1.768387085274265473e+02 1.430750308964730522e+01
2.549938444719079769e+02 1.766744581233957661e+02 1.441451183572582906e+01
2.549931433596349564e+02 1.771774527046297294e+02 1.450033273124821775e+01
2.549942009696739262e+02 1.771921047628101462e+02 1.459550575149729035e+01
2.549937612890959144e+02 1.773679769940108315e+02 1.469821275786671677e+01
2.549887822036315299e+02 1.784783724688658708e+02 1.476681481129384998e+01
2.549889842190322327e+02 1.780340098868713881e+02 1.471040498146211561e+01
2.549910162562981384e+02 1.777818114839813575e+02 1.464315761954558504e+01
2.549908974237094696e+02 1.779452775929270842e+02 1.481652248312577314e+01
2.549887109040783457e+02 1.788106521532465081e+02 1.479214991919383948e+01
2.549914440536172719e+02 1.788408950470576997e+02 1.479903032607662361e+01
2.549943435687802946e+02 1.778594091643692252e+02 1.461927226922711220e+01
2.549913014545108751e+02 1.786900370757676626e+02 1.469484979560794713e+01
2.549916460690179747e+02 1.785403317805875076e+02 1.469370900275691660e+01
2.549934166745888433e+02 1.787671950755775185e+02 1.482633805494818979e+01
2.549922045821846268e+02 1.792256393193269446e+02 1.484865481509649143e+01
2.549882474569826059e+02 1.798906740184428088e+02 1.484730012358589235e+01
2.549906359920144610e+02 1.797158237475045155e+02 1.490127388535031905e+01
2.549960904078334352e+02 1.783466465443483173e+02 1.444620448711854799e+01
2.549949614982412811e+02 1.787864459549386709e+02 1.462522578191843259e+01
2.549910400228158665e+02 1.795588696644167612e+02 1.475954225686852439e+01
2.549929294609753754e+02 1.791470315619355347e+02 1.473896045251449749e+01
2.549948426656526408e+02 1.794393953797889480e+02 1.474658950470577068e+01
2.549959478087270668e+02 1.783336700256678284e+02 1.471984028900085484e+01
2.549893169502804540e+02 1.803491776784865408e+02 1.472269227112843382e+01
2.549799054092594304e+02 1.795657381880406831e+02 1.449181243464207647e+01
2.549850865101245461e+02 1.792906288620591226e+02 1.432285626010076918e+01
2.549821394619260388e+02 1.794346301929841161e+02 1.437292042969863992e+01
2.549850033273124836e+02 1.792480630288050065e+02 1.448218699496149853e+01
2.549812719840288935e+02 1.808966275311341292e+02 1.463304496625154449e+01
2.549920025667839241e+02 1.789209525620306067e+02 1.456201872801597119e+01
2.549896972145641314e+02 1.800406288620591226e+02 1.470241943150489661e+01
2.549894238996102160e+02 1.791398421903222697e+02 1.455494818899134835e+01
2.549907667078619511e+02 1.800899443863485203e+02 1.471003660043730399e+01
2.549936424565072741e+02 1.781813622967962658e+02 1.432819184333111551e+01
2.549907785911208293e+02 1.804219745222929987e+02 1.455827550147352412e+01
2.549852647590075208e+02 1.794946168837341816e+02 1.450691605665937800e+01
2.549931077098583501e+02 1.787949900180625491e+02 1.454986215419716622e+01
2.549896377982697970e+02 1.794964112558228067e+02 1.456390816617549255e+01
2.549923947143264513e+02 1.794857757391386883e+02 1.464038882023005961e+01
2.549872254967202139e+02 1.814943673352980227e+02 1.496295988211807249e+01
2.549945693506987254e+02 1.785876984504230336e+02 1.455856069968628219e+01
2.549900655955889306e+02 1.806631690274740834e+02 1.470712520201540130e+01
2.549950922140887997e+02 1.784116242038216456e+02 1.451587603384352043e+01
2.549955794277022392e+02 1.809999762334822719e+02 1.485891006749691101e+01
2.549958883924327324e+02 1.791518918148113073e+02 1.464987166080425851e+01
2.549949139652058250e+02 1.802666722121874727e+02 1.491396520581804275e+01
2.549916698355357028e+02 1.805983696168837298e+02 1.491214706721171268e+01
2.549968390531419402e+02 1.788900085559463946e+02 1.474052904268466513e+01
2.549939276547200393e+02 1.808273837817283152e+02 1.505865576575720155e+01
2.549950209145356155e+02 1.797328762239756657e+02 1.500529993345375068e+01
2.549958765091738826e+02 1.804612130430649302e+02 1.496141505846563291e+01
2.549972430839433457e+02 1.775972763570681536e+02 1.437403745603194238e+01
2.549954843616313269e+02 1.776255703964255019e+02 1.424582897613841581e+01
2.549963518395284723e+02 1.756722953702823418e+02 1.404892337674683844e+01
2.549966608042589655e+02 1.774580639794657202e+02 1.422115933073486005e+01
2.549948307823937625e+02 1.782627745032797861e+02 1.430254777070063632e+01
2.549942722692271104e+02 1.786913561175016696e+02 1.445404743796938796e+01
2.549965776214469031e+02 1.779121946002471759e+02 1.455667126152676083e+01
2.549986928415248713e+02 1.768551787242133173e+02 1.440865338910542803e+01
2.549970410685426430e+02 1.780741396520581930e+02 1.453671926989257557e+01
2.549959715752447948e+02 1.782003398612035312e+02 1.461065690655005156e+01
2.549947951326171562e+02 1.783121375606046115e+02 1.449025572773077286e+01
2.549958408593972763e+02 1.773787075767658621e+02 1.449291757771651312e+01
2.549976827645213291e+02 1.777675753398611960e+02 1.446645356022435536e+01
2.549975639319326888e+02 1.785444909211902313e+02 1.464377554900655909e+01
2.549959002756916107e+02 1.789604049814621192e+02 1.473131951706436027e+01
2.549955556611845111e+02 1.793125772411826233e+02 1.484493535507177420e+01
2.549966608042589655e+02 1.778961640840384177e+02 1.442407785911208329e+01
2.549984670596064404e+02 1.771232056279114033e+02 1.446526523433786515e+01
2.549966132712235094e+02 1.788685117406597556e+02 1.473741562886205969e+01
2.549974688658617765e+02 1.780976803878695591e+02 1.474670833729441988e+01
2.549981224450993409e+02 1.786803165700161742e+02 1.470358399087365697e+01
2.549976589980036010e+02 1.777192936590930685e+02 1.465810675919764172e+01
2.549959834585036731e+02 1.798200280444909254e+02 1.504105665937826863e+01
2.549972430839433457e+02 1.786017444624013706e+02 1.483100817568209884e+01
2.549981699781347970e+02 1.788875606046202051e+02 1.477546582374750450e+01
2.549949971480178590e+02 1.788378410495294304e+02 1.456603526951231053e+01
2.549968509364007900e+02 1.770887798269797599e+02 1.412940868903888259e+01
2.549965895047057813e+02 1.766151368951421148e+02 1.389351411731153085e+01
2.549967321038121497e+02 1.766278282156098385e+02 1.406616598535982554e+01
2.549918243179009494e+02 1.789191581899420100e+02 1.432659948664321625e+01
2.549956388439965735e+02 1.775110276642266456e+02 1.435060366955033828e+01
2.549973500332731362e+02 1.775929983838767896e+02 1.436896330449662429e+01
2.549967202205532715e+02 1.775973238901036098e+02 1.450689229014164816e+01
2.549895546154577346e+02 1.807577954178153732e+02 1.508031894666793349e+01
2.549856925563266543e+02 1.817139224260861283e+02 1.507093117216465394e+01
2.549928225116455849e+02 1.812749429603574356e+02 1.517676347561555339e+01
2.549951991634185617e+02 1.801943150489590266e+02 1.502703441391767214e+01
2.549944861678866914e+02 1.803931100865101200e+02 1.495174208574959529e+01
2.549958408593972763e+02 1.806245603194219882e+02 1.504647542542066674e+01
2.549973381500142580e+02 1.810988924802738040e+02 1.504900655955889377e+01
2.549968747029185181e+02 1.806089694837912418e+02 1.504282726494913902e+01
2.549938444719079769e+02 1.813037955128814644e+02 1.503652913775073685e+01
2.549973737997908643e+02 1.791669954368285858e+02 1.489700779541781550e+01
2.549968271698830620e+02 1.803270985835155500e+02 1.490947333396710661e+01
2.549957220268086360e+02 1.800864150584656329e+02 1.488371042874798000e+01
2.549920976328548363e+02 1.818751782488829747e+02 1.523364863580188278e+01
2.549942841524859887e+02 1.800303736096587102e+02 1.499433168552143769e+01
2.549942485027093824e+02 1.811725805684951069e+02 1.508023576385587994e+01
2.549902081946953274e+02 1.812997908546439874e+02 1.514379931552428893e+01
2.549924541306207857e+02 1.803505799030326102e+02 1.478745603194220060e+01
2.549939633044966172e+02 1.780211640840384177e+02 1.427541829071204482e+01
2.549942247361916543e+02 1.776494557467439961e+02 1.434612368095826618e+01
2.549932265424469904e+02 1.785818994200969598e+02 1.450863912919479048e+01
2.549959715752447948e+02 1.786172639984789328e+02 1.457270177773552611e+01
2.549928106283867351e+02 1.795303736096587102e+02 1.482447238330639827e+01
2.549907072915676451e+02 1.798846967392337604e+02 1.475415914060271838e+01
2.549890674018442951e+02 1.807850556136514797e+02 1.484612368095826618e+01
2.549901844281775709e+02 1.796989851696929463e+02 1.477707006369426779e+01
2.549904577431314863e+02 1.796589861203536316e+02 1.485525002376651749e+01
2.549890079855499607e+02 1.799746173590645526e+02 1.484318851601863365e+01
2.549943673352980227e+02 1.794968271698830620e+02 1.483642694172449872e+01
2.549914202870995439e+02 1.806759078809772916e+02 1.493504610704439628e+01
2.549918362011597992e+02 1.794523005989162527e+02 1.486059749025572785e+01
2.549864649681528590e+02 1.813426062363342623e+02 1.506974284627816374e+01
2.549881286243939655e+02 1.801502638083468071e+02 1.494047675634566019e+01
2.549875106949329790e+02 1.821051074246601331e+02 1.513460167316284810e+01
2.549910875558513226e+02 1.805502899515163051e+02 1.512296796273409960e+01
2.549924065975853296e+02 1.813620353645783894e+02 1.520483173305447266e+01
2.549903032607662396e+02 1.807709620686377150e+02 1.493706626105143087e+01
2.549923590645498734e+02 1.807837603384352008e+02 1.492216465443483209e+01
2.549931314763760781e+02 1.803614887346705871e+02 1.490028757486453159e+01
2.549976233482270231e+02 1.781537456031942099e+02 1.429605951136039543e+01
2.549922877649966608e+02 1.793111987831542820e+02 1.439592641886110869e+01
2.549896021484931907e+02 1.780360656906549934e+02 1.414637798269797564e+01
2.549807491206388477e+02 1.799909093069683479e+02 1.434077621446905582e+01
2.549929651107519817e+02 1.771935069873562156e+02 1.410189894476661365e+01
2.549928819279399193e+02 1.793970434451944129e+02 1.441227778305922591e+01
2.549905052761669424e+02 1.790616741135089001e+02 1.439552238805970141e+01
2.549924422473619074e+02 1.800440750071299476e+02 1.471783201825268605e+01
2.549941177868618638e+02 1.784353313052571650e+02 1.452238805970149294e+01
2.549944386348512353e+02 1.787658998003612396e+02 1.458923139081661802e+01
2.549898398136704998e+02 1.791562529708147053e+02 1.455749120638843941e+01
2.549969935355071868e+02 1.770391078049244129e+02 1.465062030611274757e+01
2.549945693506987254e+02 1.794288311626580423e+02 1.476301216845707742e+01
2.549963280730107442e+02 1.774855856069968638e+02 1.473894856925563346e+01
2.549920738663371083e+02 1.811355642171309057e+02 1.520334632569635858e+01
2.549955675444433894e+02 1.781866503469911720e+02 1.478050432550622695e+01
2.549958883924327324e+02 1.791347323890103667e+02 1.507135896948379106e+01
2.549927987451278568e+02 1.795349248978039611e+02 1.507236904648730835e+01
2.549964112558228067e+02 1.787792209335488280e+02 1.513539785150679684e+01
2.549949377317235530e+02 1.796328073010742514e+02 1.513696644167696626e+01
2.549960785245745853e+02 1.787568209905884657e+02 1.502729584561270038e+01
2.549882474569826059e+02 1.802040236714516652e+02 1.511999714801787320e+01
2.549896615647875251e+02 1.775130121684570668e+02 1.467976994010837544e+01
2.549904577431314863e+02 1.785151868048293693e+02 1.478269084513737042e+01
2.549964825553759908e+02 1.760359587413252314e+02 1.448962591501093300e+01
2.549974688658617765e+02 1.772509150109326015e+02 1.456875653579237628e+01
2.549923590645498734e+02 1.780478063504135378e+02 1.484828643407167981e+01
2.549928106283867351e+02 1.785573367240232017e+02 1.525611987831542926e+01
2.549953655290426866e+02 1.784063123871090397e+02 1.498011930791900426e+01
2.549979679627340943e+02 1.773761645593687604e+02 1.488324698165224902e+01
2.549917054853122806e+02 1.797992679912539131e+02 1.517602671356592836e+01
2.549948307823937625e+02 1.785758864911113335e+02 1.523797414202871003e+01
2.549957933263618202e+02 1.791044181956459624e+02 1.511094210476280963e+01
2.549963161897518660e+02 1.776079237570111218e+02 1.500954225686852439e+01
2.549880573248407529e+02 1.806726756345660192e+02 1.536783439490445780e+01
2.549820443958551266e+02 1.801388439965776342e+02 1.548058275501473524e+01
2.549885088886776430e+02 1.807462092404221039e+02 1.566232531609468559e+01
2.549927274455746726e+02 1.798065524289381187e+02 1.552298222264473893e+01
2.549926561460214884e+02 1.797477184142979354e+02 1.545358399087365697e+01
2.549897922806350437e+02 1.800405694457648167e+02 1.546088031181671241e+01
2.549953536457838084e+02 1.785302666603289197e+02 1.529722407072915757e+01
2.549964112558228067e+02 1.777908665272364317e+02 1.495058940963969896e+01
2.549940108375320733e+02 1.770452514497575862e+02 1.488412634280825131e+01
2.549849795607947556e+02 1.783675729632094260e+02 1.470504563171404122e+01
2.549899229964825622e+02 1.768181980226257224e+02 1.458742513546915021e+01
2.549910637893335945e+02 1.775963494628767023e+02 1.471014354976708738e+01
2.549902319612130555e+02 1.767652462211236752e+02 1.481952894761859518e+01
2.549899111132236840e+02 1.784065857020629267e+02 1.500563266470196844e+01
2.549893407167981820e+02 1.783929199543682955e+02 1.512792328168076850e+01
2.549965300884114470e+02 1.765273909116836251e+02 1.489085226732579059e+01
2.549914202870995439e+02 1.775885896948379070e+02 1.502124726685046063e+01
2.549901250118832650e+02 1.770924279874512877e+02 1.486695503374845551e+01
2.549944742846278132e+02 1.767250808061602925e+02 1.507541116075672605e+01
2.549908498906740135e+02 1.778373063028805063e+02 1.502995769559844064e+01
2.549890555185854168e+02 1.782831780587508206e+02 1.530034936781062882e+01
2.549932384257058686e+02 1.779806540545679354e+02 1.529471670310866038e+01
2.549957695598440921e+02 1.768733838767943780e+02 1.509564835060366939e+01
2.549932146591881406e+02 1.775339029375415976e+02 1.512603384352124714e+01
2.549949139652058250e+02 1.772987094780872610e+02 1.523045203916722201e+01
2.549936543397661239e+02 1.784048269797509363e+02 1.513450660709192874e+01
2.549924303641030576e+02 1.785478301169312658e+02 1.541087555851316715e+01
2.549929294609753754e+02 1.790519179579808053e+02 1.537394238996102303e+01
2.549949614982412811e+02 1.760712757866717482e+02 1.464441724498526476e+01
2.549950090312767372e+02 1.749427821085654671e+02 1.438854691510599793e+01
2.549944624013689634e+02 1.753022863390056045e+02 1.440701349938207088e+01
2.549944267515923570e+02 1.764743321608517874e+02 1.443448759387774416e+01
2.549912063884399629e+02 1.768779113984219009e+02 1.442061983078239429e+01
2.549939633044966172e+02 1.762266969293659145e+02 1.454553664797033896e+01
2.549940940203441357e+02 1.760351982127578765e+02 1.468331115125011799e+01
2.549936543397661239e+02 1.766567877174636294e+02 1.470821846183097215e+01
2.549902200779541772e+02 1.781711664606901877e+02 1.490852267325791480e+01
2.549897209810818595e+02 1.776111441201635159e+02 1.483904125867477930e+01
2.549930364103051659e+02 1.766322369046487211e+02 1.480383116265804766e+01
2.549916579522768245e+02 1.769628053997528241e+02 1.481317140412586753e+01
2.549903389105428175e+02 1.775610205342713073e+02 1.490708479893526039e+01
2.549877602433691379e+02 1.786541615172544937e+02 1.519515876033843504e+01
2.549894833159045504e+02 1.779831495389295526e+02 1.501953607757391396e+01
2.549942603859682606e+02 1.772646164084038389e+02 1.496720220553284619e+01
2.549928225116455849e+02 1.778615719174826495e+02 1.495790949710048423e+01
2.549951397471242558e+02 1.771585345565167700e+02 1.490805922616218204e+01
2.549894951991634287e+02 1.785700042779731973e+02 1.493762477421808121e+01
2.549907191748264950e+02 1.766652367145165954e+02 1.457716988306873240e+01
2.549914321703583937e+02 1.763298079665367482e+02 1.418250308964730522e+01
2.549946168837341816e+02 1.741812672307253536e+02 1.393598488449472406e+01
2.549923828310676015e+02 1.762075173495579463e+02 1.416648445669740397e+01
2.549906478752733108e+02 1.764869640650252052e+02 1.417755965395950213e+01
2.549946406502519380e+02 1.762704154387299127e+02 1.423600152105713512e+01
2.549922996482555391e+02 1.766585464397756482e+02 1.436567164179104417e+01
2.549926561460214884e+02 1.761510718699496181e+02 1.427425373134328446e+01
2.549924184808441794e+02 1.772050693982317853e+02 1.436140555185854240e+01
2.549952348131951680e+02 1.760223524099249062e+02 1.408145973951896579e+01
2.549972787337199236e+02 1.743516969293659145e+02 1.387999096872326277e+01
2.549972906169788018e+02 1.744422117121399367e+02 1.367972240707291576e+01
2.549971242513547054e+02 1.746344471907976015e+02 1.386538644357828609e+01
2.549959359254681885e+02 1.752321513451849171e+02 1.399431980226257188e+01
2.549940821370852859e+02 1.757705461545774313e+02 1.421691700732008812e+01
2.549952704629717744e+02 1.758744890198688040e+02 1.411141743511740643e+01
2.549921926989257486e+02 1.777934214278923832e+02 1.440474379693887208e+01
2.549893526000570319e+02 1.783171404125867525e+02 1.421545536647970387e+01
2.549938563551668551e+02 1.766363841619925950e+02 1.419111845232436586e+01
2.549923352980321454e+02 1.771453679056944566e+02 1.405039690084608850e+01
2.549887822036315299e+02 1.761558014069778437e+02 1.375079617834394874e+01
2.549913014545108751e+02 1.755528329689134068e+02 1.359649206198307780e+01
2.549912182716988411e+02 1.755993678106283937e+02 1.362908784104952886e+01
2.549910637893335945e+02 1.758193269322179049e+02 1.377375463447095782e+01
2.549932978420002030e+02 1.754318257438920057e+02 1.361203536457838226e+01
2.549913489875463313e+02 1.766929603574484133e+02 1.382348607282061081e+01
2.549879741420287189e+02 1.770101483030706220e+02 1.404496625154482281e+01
2.549920500998193802e+02 1.765130240517159450e+02 1.401908451373704700e+01
2.549911826219222348e+02 1.765380501948854430e+02 1.398922188420952573e+01
2.549930007605285596e+02 1.753782441296701222e+02 1.397861013404316033e+01
2.549916936020534308e+02 1.764007153721836687e+02 1.417291329974332115e+01
2.549908023576385574e+02 1.768337650917387691e+02 1.425729632094305543e+01
2.549909093069683479e+02 1.771913917672782475e+02 1.432752638083468000e+01
2.549898635801882278e+02 1.767048079665367482e+02 1.415081043825458629e+01
2.549910637893335945e+02 1.762140174921570406e+02 1.427699876414107827e+01
2.549955675444433894e+02 1.756945170643597294e+02 1.406426466394144015e+01
2.549965419716702968e+02 1.758359516113698930e+02 1.387071014354976661e+01
2.549946168837341816e+02 1.761542090502899498e+02 1.401277450327977903e+01
2.549938088221313706e+02 1.769248027379028372e+02 1.405991539119688127e+01
2.549942485027093824e+02 1.764819374465253361e+02 1.403404553664796950e+01
2.549954843616313269e+02 1.764140959216655631e+02 1.404597632854834188e+01
2.549919906835250458e+02 1.776266517729822283e+02 1.392700114079285179e+01
2.549948307823937625e+02 1.744595018537883959e+02 1.358336106093735118e+01
2.549928938111987691e+02 1.755302904268466477e+02 1.353700446810533364e+01
2.549901012453655369e+02 1.752034532750261349e+02 1.339965776214468995e+01
2.549929175777165256e+02 1.751253564977659494e+02 1.358830449662515427e+01
2.549937850556136425e+02 1.756636087080520952e+02 1.348457552999334474e+01
2.549914440536172719e+02 1.758953203726590004e+02 1.351115838007415171e+01
2.549884257058655805e+02 1.765470695883639110e+02 1.365457743131476320e+01
2.549911469721456285e+02 1.755527141363247381e+02 1.360580853693316783e+01
2.549905290426846705e+02 1.764710880311816652e+02 1.364940821370852753e+01
2.549890436353265386e+02 1.760326076623253186e+02 1.377935164939633061e+01
2.549921570491491707e+02 1.765643121969768856e+02 1.380687327692746535e+01
2.549943911018157507e+02 1.755705033748455151e+02 1.372669692936590913e+01
2.549958408593972763e+02 1.749118737522578328e+02 1.386240374560319388e+01
2.549908380074151637e+02 1.770043730392622763e+02 1.389936068067306785e+01
2.549923471812909952e+02 1.768672758817378110e+02 1.404605951136039543e+01
2.549886752543017394e+02 1.787130905979655893e+02 1.420174208574959529e+01
2.549927749786101288e+02 1.761128909592166565e+02 1.402668979941059035e+01
2.549925848464683042e+02 1.777887037741230074e+02 1.429357591025762986e+01
2.549921213993725644e+02 1.779692936590930685e+02 1.427571537218366693e+01
2.549950327977944653e+02 1.779151297651868049e+02 1.431132949900180584e+01
2.549926086129860323e+02 1.784043872991729245e+02 1.438098916246791603e+01
2.549905052761669424e+02 1.780768846848559690e+02 1.448505086034794154e+01
2.549901844281775709e+02 1.789135374084989110e+02 1.451107519726209638e+01
2.549943198022625666e+02 1.779852172259720646e+02 1.431441914630668322e+01
2.549940108375320733e+02 1.776190227207909516e+02 1.414345470101720714e+01
2.549915985359825186e+02 1.755015329403935596e+02 1.369723833063979512e+01
2.549948070158760345e+02 1.756908926704059297e+02 1.357733624869284128e+01
2.549918124346420711e+02 1.759209644452894850e+02 1.338159520867002605e+01
2.549934047913299651e+02 1.751364198117691728e+02 1.345868190892670491e+01
2.549853835915961611e+02 1.773427131856640244e+02 1.349590027569160533e+01
2.549958170928795482e+02 1.743868119593117285e+02 1.339335963494628778e+01
2.549954487118547490e+02 1.771000332731248079e+02 1.354146069017967413e+01
2.549946406502519380e+02 1.754823058275501353e+02 1.325458693792185549e+01
2.549928581614221912e+02 1.770789880216750589e+02 1.341928890578952327e+01
2.549943079190037167e+02 1.760663085844662135e+02 1.336978324935830464e+01
2.549951516303831056e+02 1.765974308394334003e+02 1.323371993535507229e+01
2.549935592736952117e+02 1.761663537408498996e+02 1.309337864816047237e+01
2.549935830402129397e+02 1.769786933168552139e+02 1.332144215229584638e+01
2.549909806065215321e+02 1.782268514117311611e+02 1.334708622492632379e+01
2.549915747694647905e+02 1.779336914155337865e+02 1.339565310390721464e+01
2.549888297366669860e+02 1.783950945907405696e+02 1.349956031942199886e+01
2.549915628862059123e+02 1.771902153246506373e+02 1.358554758056849465e+01
2.549931077098583501e+02 1.777388178534081078e+02 1.378776499667268673e+01
2.549920738663371083e+02 1.782968081566688738e+02 1.381767515923566947e+01
2.549911826219222348e+02 1.784447428462781602e+02 1.389376366574769506e+01
2.549899942960357464e+02 1.783611203536457879e+02 1.396619212852932712e+01
2.549921213993725644e+02 1.780931766327597643e+02 1.396647732674208520e+01
2.549914678201350000e+02 1.779766256298127303e+02 1.396297176537693652e+01
2.549904696263903361e+02 1.782450327977944653e+02 1.413822606711664598e+01
2.549923234147732671e+02 1.783666460690179747e+02 1.416490398326837230e+01
2.549932740754824465e+02 1.774001925087936229e+02 1.371126057610038984e+01
2.549931790094115343e+02 1.762649610229109101e+02 1.358681908926704018e+01
2.549867620496245024e+02 1.762944315048958970e+02 1.338612273029755606e+01
2.549904696263903361e+02 1.746318566403650436e+02 1.332708670025667885e+01
2.549959953417625229e+02 1.751330924992870166e+02 1.336495864625915075e+01
2.549939395379788891e+02 1.757076242988877368e+02 1.348954273219887767e+01
2.549932859587413247e+02 1.769333824508033217e+02 1.375948284057419890e+01
2.549899229964825622e+02 1.768070515258104365e+02 1.379074769464778072e+01
2.549924065975853296e+02 1.754186353265519642e+02 1.360308727065310386e+01
2.549929888772697097e+02 1.758548222264473679e+02 1.356983791234908310e+01
2.549931433596349564e+02 1.757461022910923134e+02 1.369782061032417531e+01
2.549940227207909516e+02 1.767708313527901964e+02 1.370584181005798996e+01
2.549955318946667830e+02 1.755246577621446988e+02 1.372433216085179275e+01
2.549931790094115343e+02 1.764624607852457530e+02 1.385470339385873118e+01
2.549942366194505041e+02 1.751951944101150218e+02 1.385467962734100134e+01
2.549951753969008337e+02 1.760366004373039175e+02 1.409854786576670804e+01
2.549964944386348407e+02 1.757450327977944653e+02 1.408372944196216459e+01
2.549922402319612047e+02 1.775072606711664491e+02 1.420417815381690296e+01
2.549912658047342973e+02 1.765022697024431864e+02 1.416738758437113788e+01
2.549928462781633129e+02 1.770946858066356242e+02 1.437406122254967222e+01
2.549957457933263640e+02 1.751433952847228852e+02 1.427147304876889500e+01
2.549946287669930598e+02 1.769896734480464033e+02 1.450475330354596437e+01
2.549920263333016521e+02 1.771186781062838804e+02 1.449745698260290894e+01
2.549962805399752881e+02 1.760743773172354736e+02 1.450830639794657273e+01
2.549942603859682606e+02 1.764012382355737145e+02 1.456137703203726552e+01
2.549950803308299214e+02 1.742732674208575077e+02 1.400433738948569307e+01
2.549934285578476931e+02 1.741882664701967940e+02 1.391889675824698180e+01
2.549953179960072305e+02 1.735461783439490375e+02 1.365664511835725747e+01
2.549905765757201266e+02 1.757223833063979441e+02 1.370467725068922960e+01
2.549934285578476931e+02 1.747196858066356242e+02 1.373619165319897384e+01
2.549915747694647905e+02 1.756515590835630860e+02 1.376677916151725434e+01
2.549943673352980227e+02 1.735585725829451462e+02 1.365526666032892855e+01
2.549898992299648341e+02 1.769391220648350611e+02 1.388930744367335279e+01
2.549891505846563291e+02 1.754712306302880620e+02 1.382240469626390400e+01
2.549918837341952553e+02 1.769883068732769402e+02 1.391446430269036938e+01
2.549930364103051659e+02 1.746316665082232191e+02 1.354992157049149171e+01
2.549940346040498014e+02 1.751539119688183348e+02 1.369742846278163384e+01
2.549903270272839677e+02 1.760918338245080292e+02 1.364938444719079769e+01
2.549963280730107442e+02 1.750740802357638586e+02 1.389250404030801356e+01
2.549924065975853296e+02 1.770800099819374509e+02 1.396502756916056676e+01
2.549925491966916979e+02 1.757958574959596945e+02 1.407316522483125709e+01
2.549899111132236840e+02 1.772597680387869445e+02 1.413463732293944375e+01
2.549962805399752881e+02 1.750481390816617591e+02 1.408876794372088526e+01
2.549933453750356591e+02 1.772094543207529114e+02 1.438340146401749209e+01
2.549916936020534308e+02 1.763414060271888957e+02 1.446700019013214167e+01
2.549858113889152946e+02 1.781350294704819817e+02 1.469754729537028304e+01
2.549898992299648341e+02 1.762515091738758315e+02 1.449727873371993603e+01
2.549919431504895897e+02 1.770988568304971977e+02 1.460586795322749332e+01
2.549878553094400502e+02 1.769228776499667219e+02 1.440337722216940719e+01
2.549904696263903361e+02 1.753178058750831951e+02 1.406801977374275125e+01
2.549854786576670733e+02 1.752323652438444697e+02 1.398382688468485568e+01
2.549872730297556700e+02 1.746369664416769751e+02 1.379026048103431812e+01
2.549866313337769839e+02 1.760709074056469206e+02 1.395656668884874918e+01
2.549882831067591837e+02 1.756328786006274356e+02 1.418444006084228626e+01
2.549878790759577782e+02 1.762812410875558555e+02 1.416511788192793908e+01
2.549883900560889742e+02 1.755844543207529114e+02 1.420471290046582347e+01
2.549882355737237276e+02 1.761441795798079681e+02 1.424705295180150166e+01
2.549864649681528590e+02 1.762864103051620930e+02 1.417971052381404995e+01
2.549876295275216194e+02 1.759811293849225251e+02 1.419099961973571666e+01
2.549921570491491707e+02 1.754355689704344456e+02 1.418352504990968654e+01
2.549901368951421148e+02 1.764901250118832650e+02 1.422146829546534796e+01
2.549888416199258359e+02 1.762127341001996399e+02 1.420635279018918062e+01
2.549883187565357900e+02 1.769797033938587276e+02 1.430977279209050224e+01
2.549906359920144610e+02 1.763295346515828612e+02 1.410604620211046623e+01
2.549915153531704561e+02 1.765607709858351484e+02 1.426877554900655909e+01
2.549885445384542209e+02 1.770545322749310913e+02 1.437764996672687445e+01
2.549903507938016958e+02 1.768372112368095941e+02 1.418458265994866352e+01
2.549920976328548363e+02 1.764881167411350873e+02 1.417069113033558381e+01
2.549915628862059123e+02 1.771376437874322676e+02 1.410192271128434349e+01
2.549863936685996748e+02 1.778175563266470078e+02 1.420081519155813332e+01
2.549905409259435203e+02 1.767996244890198625e+02 1.423904363532655282e+01
2.549859302215039349e+02 1.780709192889057988e+02 1.425912634280825131e+01
2.549913489875463313e+02 1.765110633140032235e+02 1.410711569540830901e+01
2.549891624679152073e+02 1.771970719650156809e+02 1.395758864911113228e+01
2.549907429413442230e+02 1.747980796653674247e+02 1.349957220268086289e+01
2.549916223025002466e+02 1.749430910732959319e+02 1.332345042304401517e+01
2.549917292518300087e+02 1.743883567829641663e+02 1.329825791425040471e+01
2.549875938777450415e+02 1.755420905028995264e+02 1.334655147827740329e+01
2.549895308489400065e+02 1.743783273124821847e+02 1.343479655860823208e+01
2.549909568400038040e+02 1.751519512311056133e+02 1.354262524954843627e+01
2.549895070824222785e+02 1.757543136229679703e+02 1.368193269322178907e+01
2.549876651772982257e+02 1.760847751687422829e+02 1.375033273124821775e+01
2.549875463447095854e+02 1.765306825743892034e+02 1.374921570491491529e+01
2.549916817187945526e+02 1.752056873276927433e+02 1.374010124536552979e+01
2.549911826219222348e+02 1.760353289286053666e+02 1.366835012833919549e+01
2.549883306397946683e+02 1.768230463922426168e+02 1.368316855214374073e+01
2.549893169502804540e+02 1.764392408974237014e+02 1.377068875368381029e+01
2.549880929746173592e+02 1.767394714326457006e+02 1.381661754919669249e+01
2.549870353645783894e+02 1.771932336724023287e+02 1.382384257058655841e+01
2.549881523909116936e+02 1.766744700066546159e+02 1.368560462021104662e+01
2.549884613556421584e+02 1.772140769084513749e+02 1.373665510029470482e+01
2.549855737237379856e+02 1.776595565167791619e+02 1.377064122064835061e+01
2.549864768514117372e+02 1.777958812624774225e+02 1.382185806635611769e+01
2.549822701777735574e+02 1.781907738378172894e+02 1.370738663371042954e+01
2.549851578096777303e+02 1.770255608898184221e+02 1.361377032037265877e+01
2.549850270938302117e+02 1.774973975663085923e+02 1.348171166460690173e+01
2.549883662895712462e+02 1.770971694077383916e+02 1.344915153531704455e+01
2.549838506512025731e+02 1.788707695598440921e+02 1.363259340241467754e+01
2.549873918623443387e+02 1.766514640174921453e+02 1.326651772982222610e+01
2.549853954748550109e+02 1.769122183667649040e+02 1.307494771366099506e+01
2.549893288335393038e+02 1.740717867668029157e+02 1.263811911778686259e+01
2.549878909592166565e+02 1.757818946667934199e+02 1.265322273980416412e+01
2.549770058940964077e+02 1.762229299363057464e+02 1.286049054092594268e+01
2.549704344519441008e+02 1.775472953702823418e+02 1.315801169312672236e+01
2.549752947048198450e+02 1.768287265899800502e+02 1.311392480273790362e+01
2.549857995056564448e+02 1.761609825078429594e+02 1.318127911398421936e+01
2.549809867858161283e+02 1.769661089457172807e+02 1.315081043825458629e+01
2.549884851221599149e+02 1.762769274645878852e+02 1.313879646354216213e+01
2.549850033273124836e+02 1.767805875083182912e+02 1.305856069968628219e+01
2.549865838007415277e+02 1.751996506321893605e+02 1.296234195265709666e+01
2.549716346610894675e+02 1.780283772221694107e+02 1.326223975663085852e+01
2.549841952657096726e+02 1.763867763095351222e+02 1.323837817283011731e+01
2.549828405741990593e+02 1.780175159235668900e+02 1.322203869189086411e+01
2.549850508603479398e+02 1.758584347371423178e+02 1.305689704344519519e+01
2.549740944956745068e+02 1.780352100960167263e+02 1.328933358684285615e+01
2.549702680863200044e+02 1.770825411160756744e+02 1.313015733434737164e+01
2.549673566878980751e+02 1.789386705009981995e+02 1.327193649586462598e+01
2.549638392432740659e+02 1.781183097252590528e+02 1.324459311721646593e+01
2.549575648825934024e+02 1.791223975663085923e+02 1.332137085274265687e+01
2.549629598821180707e+02 1.786049767088126146e+02 1.333304021294799924e+01
2.549763760813765430e+02 1.781292542066736360e+02 1.309971242513546841e+01
2.549768038786957050e+02 1.779919669170073178e+02 1.321085654529898257e+01
2.549755204867382758e+02 1.772880145451088367e+02 1.311027664226637590e+01
2.549737974142028634e+02 1.763345256203061240e+02 1.283160233862534483e+01
2.549714682954653426e+02 1.764906122254967329e+02 1.248639366859967659e+01
2.549739162467915321e+02 1.758111987831542820e+02 1.254418195645973988e+01
2.549761027664226560e+02 1.748155599391577084e+02 1.272416579522768387e+01
2.549750451563836862e+02 1.755927488354406307e+02 1.280221503945241857e+01
2.549813432835820777e+02 1.756586058560699826e+02 1.290881975472953691e+01
2.549809154862629441e+02 1.767008864911113335e+02 1.300317283011693092e+01
2.549755442532560039e+02 1.769515163038311698e+02 1.309665842760718668e+01
2.549771960262382322e+02 1.756124275121209166e+02 1.322486690750071325e+01
2.549798697594828525e+02 1.754667981747314514e+02 1.311437636657476880e+01
2.549837318186139328e+02 1.750043849225211545e+02 1.293844471907975979e+01
2.549812719840288935e+02 1.757381048578762375e+02 1.309153674303641068e+01
2.549838744177203296e+02 1.757380097918052968e+02 1.311983078239376432e+01
2.549815571822416587e+02 1.756445123110561894e+02 1.323754634470957292e+01
2.549805827550147228e+02 1.761481723547865670e+02 1.309810818518870690e+01
2.549840526666032758e+02 1.759790973476566194e+02 1.314309820325125955e+01
2.549829831733054561e+02 1.756974403460405085e+02 1.328150251925088021e+01
2.549831733054472807e+02 1.762884423424279987e+02 1.331820990588458997e+01
2.549802024907310454e+02 1.763577692746458752e+02 1.327951801502043949e+01
2.549821751117026452e+02 1.758828786006274356e+02 1.331573818804068843e+01
2.549732507842950895e+02 1.774075363627721345e+02 1.352506179294609723e+01
2.549796796273409996e+02 1.761021841429793824e+02 1.330739614031752005e+01
2.549846587128054125e+02 1.751747789713851091e+02 1.274518728015971014e+01
2.549920857495959581e+02 1.719295085084133348e+02 1.210501235858921909e+01
2.549872254967202139e+02 1.738567710809012397e+02 1.229566736381785397e+01
2.549826147922806285e+02 1.735895878885825709e+02 1.225344614507082497e+01
2.549845398802167438e+02 1.745898849700541859e+02 1.265600342237855358e+01
2.549810462021104627e+02 1.746487189846943693e+02 1.245735098393383389e+01
2.549838981842380576e+02 1.746579403935735400e+02 1.259378267896187786e+01
2.549719317425610825e+02 1.763790878410495395e+02 1.261059749025572785e+01
2.549845398802167438e+02 1.735786434071679878e+02 1.245895522388059717e+01
2.549770058940964077e+02 1.761923305447285770e+02 1.270938302119973429e+01
2.549781942199828961e+02 1.749838387679437233e+02 1.268634138226067165e+01
2.549779446715467373e+02 1.764497694647780293e+02 1.282288002661849902e+01
2.549766969293659145e+02 1.755717867668029157e+02 1.267633567829641628e+01
2.549754254206673636e+02 1.767572844376841772e+02 1.293116028139557017e+01
2.549753303545964513e+02 1.762035958741325317e+02 1.282749073105808613e+01
2.549783130525715364e+02 1.768949876414107791e+02 1.303408118642456515e+01
2.549757343853978568e+02 1.773030706340906875e+02 1.301073058275501459e+01
2.549788359159615823e+02 1.765277117596729681e+02 1.308609421047628096e+01
2.549755442532560039e+02 1.772184142979370733e+02 1.294052428938111987e+01
2.549729774693412025e+02 1.771805898849700611e+02 1.289629479988592031e+01
2.549639343093450066e+02 1.787956079475235356e+02 1.314069778496054752e+01
2.549608803118167089e+02 1.768300337484551790e+02 1.274100437303926192e+01
2.549653008841144697e+02 1.765974546059511283e+02 1.260179199543682849e+01
2.549665842760718704e+02 1.753890222454606089e+02 1.232667078619640577e+01
2.549683905314193453e+02 1.753358090122635247e+02 1.248538359159615929e+01
2.549631856640365015e+02 1.764763166650822370e+02 1.257492394714326522e+01
2.549724189561745504e+02 1.757623467059606526e+02 1.258213708527426533e+01
2.549707315334157158e+02 1.767042256868523680e+02 1.266245603194220060e+01
2.549729537028234745e+02 1.765424113508888695e+02 1.275400465823747531e+01
2.549596206863770362e+02 1.778709240422093387e+02 1.290230772887156618e+01
2.549700185378838171e+02 1.755699329784200131e+02 1.273216322844376869e+01
2.549729893526000524e+02 1.767810747219317307e+02 1.281895855119307903e+01
2.549690916436923658e+02 1.763670857495959581e+02 1.279627341001996399e+01
2.549748193744652554e+02 1.770232555375986294e+02 1.320195598440916385e+01
2.549640293754159188e+02 1.781970481984979529e+02 1.320844424374940651e+01
2.549797033938587276e+02 1.764133948093925142e+02 1.295743416674588921e+01
2.549692817758342187e+02 1.786769179579808053e+02 1.301988069208099574e+01
2.549747718414297992e+02 1.760205818043540376e+02 1.293276452134233345e+01
2.549670596064264600e+02 1.785093402414678110e+02 1.331217321038121426e+01
2.549705414012738913e+02 1.769677488354406307e+02 1.323929318376271524e+01
2.549789309820325229e+02 1.776895617454130729e+02 1.332285626010076918e+01
2.549713969959121584e+02 1.776029090217701309e+02 1.323020249073105781e+01
2.549707552999334439e+02 1.773848155718224291e+02 1.311902272079094978e+01
2.549638273600152161e+02 1.761261645593687604e+02 1.248036885635516668e+01
2.549734052666603361e+02 1.744510172069588236e+02 1.245852742656146006e+01
2.549706364673448036e+02 1.752582350983933850e+02 1.248273362486928484e+01
2.549787289666318202e+02 1.744131927939918114e+02 1.258712805399752810e+01
2.549712306302880620e+02 1.768213946192603885e+02 1.270246696454035629e+01
2.549741657952276910e+02 1.754596444528947643e+02 1.271274598345850393e+01
2.549694600247171650e+02 1.771738639604525076e+02 1.315304449092118944e+01
2.549744034604049716e+02 1.760932598155718267e+02 1.311745413062078214e+01
2.549773267420857508e+02 1.766141981176917852e+02 1.320016161232056362e+01
2.549685806635611698e+02 1.768360942104762898e+02 1.321970957315334161e+01
2.549715277117596770e+02 1.763747861013404190e+02 1.319183144785625927e+01
2.549742965110752095e+02 1.765091025762905304e+02 1.338588506512025944e+01
2.549771366099438978e+02 1.763868713756060345e+02 1.346213993725639391e+01
2.549658356307633937e+02 1.778591358494153383e+02 1.365136895142123841e+01
2.549694124916817088e+02 1.767014212377602576e+02 1.380346278163323426e+01
2.549738330639794697e+02 1.774923471812909952e+02 1.383951658902937609e+01
2.549686994961498101e+02 1.779421522958456023e+02 1.388139319326932153e+01
2.549688658617739350e+02 1.787640697784960651e+02 1.421771318566403686e+01
2.549600009506607137e+02 1.791111916531989721e+02 1.410912396615647957e+01
2.549705651677916194e+02 1.766940298507462614e+02 1.400837769749976225e+01
2.549684380644548014e+02 1.777741824317900807e+02 1.387242133282631507e+01
2.549749976233482300e+02 1.755443958551193191e+02 1.352084323604905336e+01
2.549715277117596770e+02 1.763950708242228416e+02 1.341766089932503014e+01
2.549659544633520341e+02 1.755594638273600196e+02 1.341806493012643742e+01
2.549719555090788106e+02 1.754932740754824465e+02 1.337772126628006397e+01
2.549631500142599236e+02 1.758637465538549236e+02 1.349031514402509657e+01
2.549649325030896421e+02 1.764741776784865408e+02 1.378580425895997763e+01
2.549676062363342623e+02 1.768312458408593955e+02 1.388552856735431185e+01
2.549729061697879899e+02 1.771898112938492318e+02 1.398746316189751937e+01
2.549655147827740223e+02 1.776101934594543081e+02 1.392632379503755047e+01
2.549696501568590179e+02 1.769589789903983217e+02 1.381937446525335034e+01
2.549676062363342623e+02 1.770868309725259166e+02 1.385854168647209761e+01
2.549680934499477019e+02 1.764504705770510498e+02 1.381791282441296786e+01
2.549685806635611698e+02 1.772667672782583850e+02 1.407444861678866843e+01
2.549754135374084854e+02 1.764012857686091706e+02 1.409705057514972992e+01
2.549705414012738913e+02 1.784125986310485814e+02 1.428228681433596314e+01
2.549682360490540987e+02 1.777999572202680838e+02 1.418308536933168540e+01
2.549766137465538520e+02 1.773134566023386185e+02 1.421949567449377305e+01
2.549732864340716674e+02 1.771603764616408512e+02 1.410073438539785151e+01
2.549747956079475273e+02 1.760414369236619336e+02 1.417809440060842263e+01
2.549695075577526495e+02 1.776019227112843453e+02 1.438323509839338321e+01
2.549722525905504256e+02 1.778607519726209603e+02 1.436915343663846301e+01
2.549636847609088193e+02 1.786886110847038651e+02 1.434737142313908187e+01
2.549643858731818682e+02 1.758844947238330576e+02 1.368085131666508225e+01
2.549691154102100938e+02 1.747385920714896770e+02 1.329172212187470237e+01
2.549830307063409123e+02 1.726090051335678197e+02 1.311693126723072567e+01
2.549797033938587276e+02 1.748526357068162440e+02 1.331230392622872927e+01
2.549693293088696748e+02 1.757128172830117023e+02 1.375015448236524307e+01
2.549664297937066237e+02 1.770034104952942187e+02 1.389804163893906264e+01
2.549653008841144697e+02 1.763212163703774138e+02 1.394918718509364020e+01
2.549713969959121584e+02 1.758855404506131777e+02 1.378516256298127196e+01
2.549673566878980751e+02 1.761229798459929725e+02 1.375911445954938728e+01
2.549743559273695155e+02 1.764233292138035836e+02 1.368016208765091690e+01
2.549664297937066237e+02 1.765865933073486076e+02 1.397624536552904218e+01
2.549747718414297992e+02 1.753875011883258992e+02 1.382252352885255320e+01
2.549731913680007551e+02 1.763374607852457530e+02 1.374885920714896770e+01
2.549787408498906700e+02 1.754571846183097250e+02 1.359065738188040662e+01
2.549702799695788542e+02 1.770442651392718005e+02 1.364900418290712025e+01
2.549767801121779769e+02 1.754653127673733195e+02 1.348949519916341799e+01
2.549731913680007551e+02 1.763547271603764557e+02 1.357024194315049037e+01
2.549752234052666608e+02 1.762413371042874815e+02 1.348071347086224847e+01
2.549711593307348494e+02 1.776921166460690245e+02 1.352727207909497054e+01
2.549787764996672763e+02 1.746023386253446006e+02 1.322178914345470169e+01
2.549690559939157595e+02 1.758468129099724422e+02 1.278641030516208765e+01
2.549696145070824116e+02 1.732373799790854605e+02 1.211519631143644915e+01
2.549682954653484046e+02 1.746401392717938847e+02 1.236732341477326713e+01
2.549683073486072828e+02 1.735048008365814383e+02 1.209484028900085484e+01
2.549736310485787669e+02 1.745161612320562767e+02 1.244790379313622886e+01
2.549703393858731886e+02 1.751370020914535530e+02 1.251291710238615806e+01
2.549757225021389786e+02 1.754021413632474662e+02 1.261994961498241352e+01
2.549652771175967416e+02 1.763453275026143103e+02 1.254667744082137126e+01
2.549789428652913728e+02 1.743342166555756307e+02 1.237713898659568379e+01
2.549727516874227717e+02 1.758563789333586840e+02 1.230568495104097337e+01
2.549739994296035661e+02 1.737170477231676102e+02 1.194425563266470114e+01
2.549708265994866565e+02 1.757663038311626451e+02 1.227768799315524362e+01
2.549787052001140921e+02 1.745066070919288848e+02 1.211727588173780745e+01
2.549723357733624880e+02 1.763782797794467285e+02 1.220126675539500027e+01
2.549676894191462964e+02 1.765185973001235880e+02 1.223888915296130797e+01
2.549696145070824116e+02 1.765175753398611960e+02 1.213462543968057794e+01
2.549811888012168595e+02 1.746743987071014317e+02 1.173781965966346696e+01
2.549788715657381886e+02 1.759780159710999214e+02 1.179538216560509589e+01
2.549706364673448036e+02 1.762417411350888869e+02 1.189890911683620089e+01
2.549765186804829398e+02 1.748802524004182999e+02 1.127117596729727111e+01
2.549694362581994369e+02 1.736996862819659668e+02 1.100457505466299146e+01
2.549761027664226560e+02 1.725793326361821585e+02 1.087164892100009439e+01
2.549759007510219533e+02 1.741281134138226037e+02 1.103278591120828978e+01
2.549763047818233588e+02 1.733590170168266980e+02 1.094034604049814696e+01
2.549681885160186425e+02 1.759976589980036010e+02 1.128044490921190146e+01
2.549678795512881493e+02 1.748765210571347097e+02 1.119378030231010612e+01
2.549697333396710803e+02 1.761205675444433894e+02 1.130475805684950963e+01
2.549674398707101375e+02 1.751695978705200218e+02 1.122929936305732568e+01
2.549725259055043125e+02 1.752256155528092165e+02 1.145245508128149048e+01
2.549696620401178677e+02 1.755367430364103143e+02 1.132543492727445589e+01
2.549779209050290092e+02 1.748196953132427041e+02 1.132756203061127565e+01
2.549699472383306329e+02 1.759841358494153383e+02 1.166637750736762058e+01
2.549722525905504256e+02 1.754082612415628830e+02 1.160208907690845059e+01
2.549752590550432672e+02 1.762713542161802422e+02 1.185263570681623690e+01
2.549788715657381886e+02 1.762404102100960301e+02 1.180474617359064560e+01
2.549735003327312484e+02 1.769064906359920144e+02 1.192070301359444784e+01
2.549724427226922785e+02 1.764152485977754452e+02 1.189946763000285124e+01
2.549684499477136512e+02 1.754105903603004037e+02 1.143104144880692097e+01
2.549725259055043125e+02 1.734361987831542820e+02 1.114619973381500095e+01
2.549693055423519468e+02 1.743497005418766150e+02 1.095288287860062759e+01
2.549725496720220690e+02 1.739019868808822196e+02 1.089041258674778945e+01
2.549778496054757966e+02 1.747272079094971104e+02 1.086311674113508907e+01
2.549791329974332257e+02 1.744820919288905827e+02 1.076295275216275371e+01
2.549787883829261261e+02 1.743396591881357551e+02 1.087538026428367743e+01
2.549710761479228154e+02 1.758099629242323374e+02 1.105733672402319634e+01
2.549705414012738913e+02 1.757604216180245373e+02 1.107430601768228939e+01
2.549762810153056307e+02 1.753650299458123527e+02 1.076628006464492771e+01
2.549772554425325666e+02 1.750165771461165605e+02 1.074262049624489102e+01
2.549750451563836862e+02 1.750770629337389437e+02 1.078030231010552420e+01
2.549789666318091008e+02 1.752258294514687691e+02 1.068207529232816810e+01
2.549701611369902139e+02 1.762749548436163138e+02 1.098733244605000436e+01
2.549743321608517874e+02 1.755630406882783632e+02 1.084939157714611646e+01
2.549768276452134330e+02 1.759446477802072479e+02 1.085937351459264200e+01
2.549785982507843016e+02 1.757460191082802510e+02 1.087887394238996031e+01
2.549681766327597643e+02 1.773364744747599673e+02 1.101677916151725434e+01
2.549724902557277346e+02 1.753599676775358773e+02 1.071288858256488297e+01
2.549779565548055871e+02 1.741588197547295351e+02 1.021688135754349247e+01
2.549741776784865408e+02 1.728412277783059210e+02 9.968069683429984451e+00
2.549780040878410432e+02 1.733165224831257660e+02 9.930506702158000465e+00
2.549782536362772021e+02 1.737826908451373811e+02 9.941570016161232815e+00
2.549774693411921191e+02 1.745402961308109013e+02 1.027074816997813400e+01
2.549736191653198887e+02 1.755657857210761392e+02 1.033984932027759207e+01
2.549816047152771148e+02 1.743589576005323636e+02 1.039214754254206596e+01
2.549791211141743474e+02 1.746070443958551266e+02 1.049719555090788070e+01
2.549784913014545111e+02 1.744180411636087058e+02 1.051209715752447948e+01
