2.549745516707521631e+02 8.076436373801229252e+01 6.804534898722745595e+01
2.549619296434868545e+02 7.538762740291575426e+01 8.146326280479938475e+01
2.549702188964864717e+02 7.365017417107469555e+01 8.156989420719907002e+01
2.549703371607964471e+02 7.333217219283532984e+01 8.170739259450392922e+01
2.549726701930933643e+02 7.265066873091643629e+01 8.193246032769965836e+01
2.549687997247666829e+02 7.147852965208790010e+01 8.175046230593902408e+01
2.549749172149830088e+02 7.123699092590203463e+01 8.156717412806949596e+01
2.549737023179804680e+02 7.159908398916269334e+01 8.159421364985163905e+01
2.549735517997677618e+02 7.203586633982712328e+01 8.189256225003225609e+01
2.549772394959790063e+02 7.220292005332645147e+01 8.207901131036855702e+01
2.549742613856276705e+02 7.292434309551455840e+01 8.196227368511590328e+01
2.549705306842128039e+02 7.382835548101320455e+01 8.222794908183890072e+01
2.549747774480712224e+02 7.294815722702446692e+01 8.292382703307100655e+01
2.549744656603448902e+02 7.261307143164323463e+01 8.300127940480798827e+01
2.549786694189996865e+02 7.218977121231668548e+01 8.281647529351052128e+01
2.549726809443942841e+02 7.175624650582720676e+01 8.313516535500795612e+01
2.549702511503892026e+02 7.116998881864705595e+01 8.344640476497656323e+01
2.549718423429234804e+02 7.005536919967316578e+01 8.322322926074055260e+01
2.549716058143035298e+02 7.042696641293596826e+01 8.386915666795682966e+01
2.549804648862512408e+02 6.983598890465746933e+01 8.368599750569818241e+01
2.549765406614200458e+02 6.943735216961252377e+01 8.386267363350965809e+01
2.549755837956392668e+02 7.011138347740076426e+01 8.421821915451769769e+01
2.549738743387949853e+02 7.038592869737237834e+01 8.442717068765320221e+01
2.549786371650969841e+02 6.908208618242807120e+01 8.564766911796327520e+01
2.549775727863071495e+02 6.797906721713327727e+01 8.567420332860275778e+01
2.549706381972218594e+02 6.906548617382703981e+01 8.632858125833226381e+01
2.549744979142476211e+02 6.913191846213392466e+01 8.677588913258504988e+01
2.549787446781060396e+02 6.924807551713757903e+01 8.687769320087730307e+01
2.549713155291790372e+02 6.984607362490861249e+01 8.776625596697199683e+01
2.549774007654926322e+02 7.063312260783554564e+01 8.819272782006622435e+01
2.549742291317249396e+02 7.089390616264567768e+01 8.864959360082569617e+01
2.549768201952436186e+02 7.003551154689716896e+01 8.848233561260911983e+01
2.549784113877779248e+02 6.977118006278759310e+01 8.869265256095987127e+01
2.549703479120973668e+02 6.984882595794091742e+01 8.757688255278888789e+01
2.549772287446781149e+02 7.018655657334537068e+01 8.746706876532060448e+01
2.549745409194512433e+02 7.087444630800327161e+01 8.743051434223541207e+01
2.549746484324603273e+02 7.070031823850685271e+01 8.748665763557390562e+01
2.549675310712596286e+02 7.177014793790048941e+01 8.761888788543413398e+01
2.549774007654926322e+02 7.145246849868834715e+01 8.616116200060207575e+01
2.549795832795768149e+02 7.009348256138993349e+01 8.546382187244657302e+01
2.549652625467681730e+02 7.090500150518212763e+01 8.545827420117834095e+01
2.549706166946200483e+02 7.030267062314540283e+01 8.539084204188706906e+01
2.549675633251623310e+02 6.849981722788457716e+01 8.468744893132068796e+01
2.549665527028770384e+02 6.996718702963057979e+01 8.524162473659312411e+01
2.549667999827979088e+02 7.174011955446609079e+01 8.574704339225046112e+01
2.549717133273126137e+02 7.062186599578548396e+01 8.501018148195932156e+01
2.549710897518599779e+02 7.084327828667268534e+01 8.521955231583021373e+01
2.549659398787253224e+02 7.129714445447899607e+01 8.482443125618199531e+01
2.549626607319485743e+02 7.092636434008514357e+01 8.451621296176837461e+01
2.549725304261815779e+02 7.104022061669462573e+01 8.442549348471165160e+01
2.549714767986926347e+02 7.098905517567625623e+01 8.449866683868748396e+01
2.549674665634541668e+02 7.061244785619059883e+01 8.420723132499031749e+01
2.549631875456930175e+02 7.030829355351997378e+01 8.399179675740764139e+01
2.549547585257816138e+02 7.064785189007869803e+01 8.365825914935707885e+01
2.549666279619833915e+02 7.082371091902119531e+01 8.375011826430997530e+01
2.549563604696168113e+02 7.145283404291919283e+01 8.377442695566163877e+01
2.549584569732937780e+02 7.060087945641421925e+01 8.270239323958199407e+01
2.549535006235754508e+02 6.970106007826946382e+01 8.256030404678966761e+01
2.549471573560400941e+02 6.932018449232357682e+01 8.227474949468886223e+01
2.549536511417881570e+02 6.859103126478304091e+01 8.197636864060551432e+01
2.549421364985163336e+02 6.837078011439383829e+01 8.190521653120028134e+01
2.549478024340945126e+02 6.894950113963790272e+01 8.238061755472412528e+01
2.549495118909387941e+02 6.824943018105190617e+01 8.199332344213650003e+01
2.549335569603921954e+02 6.885809357932309638e+01 8.051590117404205671e+01
2.549326430998150670e+02 6.968620178041543056e+01 8.015771083301079614e+01
2.549312991872016596e+02 7.030957295832796206e+01 7.876228873693716537e+01
2.549326646024169065e+02 7.065718401926632453e+01 7.864603492022534681e+01
2.549509633165613138e+02 7.203521051047177082e+01 7.757657076506256999e+01
2.549376747086397472e+02 7.177816840837741097e+01 7.657331312088763298e+01
2.549313851976089040e+02 7.122487420977938655e+01 7.505584225691308120e+01
2.549404807981765657e+02 7.151787941340901966e+01 7.493839504580054722e+01
2.549328581258332349e+02 7.140169010450264864e+01 7.387462908011869445e+01
2.549327183589214201e+02 7.109019266331226561e+01 7.406590547456242746e+01
2.549309873994753275e+02 7.171188663828323229e+01 7.419826474003355088e+01
2.549263858426869547e+02 7.187690835591106975e+01 7.416087171547756896e+01
2.549428783382789447e+02 7.127121231669032397e+01 7.449439857222724015e+01
2.549342772975529954e+02 7.160581430353072108e+01 7.495971487549994094e+01
2.549347718573947361e+02 7.141521524104416585e+01 7.559844966240915198e+01
2.549351696555283127e+02 7.052052423343224064e+01 7.576886853309250114e+01
2.549356749666709732e+02 7.117623532447426271e+01 7.577169612523115916e+01
2.549368253558680522e+02 7.114792714918505112e+01 7.580823979701543180e+01
2.549388788543413682e+02 7.049550595622069693e+01 7.588777792112846043e+01
2.549369006149744052e+02 7.113703608136584933e+01 7.595841396809014157e+01
2.549302778136154473e+02 7.080842256913086885e+01 7.596419816797832425e+01
2.549388788543413682e+02 7.058452672773405823e+01 7.497927149185051121e+01
2.549320947834688127e+02 7.037867156925987899e+01 7.495629596181137799e+01
2.549352126607319349e+02 7.074038833698877227e+01 7.431408850470907623e+01
2.549343525566593485e+02 7.092974024857007009e+01 7.437451081580871914e+01
2.549239667999827930e+02 7.101460026663225733e+01 7.453554380079989983e+01
2.549216122650840646e+02 7.141005461660860476e+01 7.410293295488753529e+01
2.549444480282114114e+02 7.244790994710359655e+01 7.462366146303702408e+01
2.549399109792285003e+02 7.294868404076893853e+01 7.450986969423300366e+01
2.549362017804154164e+02 7.262329591880617841e+01 7.454106996946630659e+01
2.549356642153700534e+02 7.229122048767901276e+01 7.521679998279792301e+01
2.549420934933126830e+02 7.270519932911882677e+01 7.572436889863674025e+01
2.549477164236872682e+02 7.242106394873779607e+01 7.519448028211414226e+01
2.549496516578506089e+02 7.208794564142260697e+01 7.561660860964177289e+01
2.549566077495376817e+02 7.122934675095686430e+01 7.629576828796284360e+01
2.549535543800799928e+02 7.201435298671138696e+01 7.740800111813528872e+01
2.549457166817184941e+02 7.309419214724981373e+01 7.864827119081408568e+01
2.549378574807551843e+02 7.359555756246506064e+01 7.946356384122478289e+01
2.549389111082440991e+02 7.377608265600137827e+01 8.018988947662667499e+01
2.549563927235195422e+02 7.354095170515631708e+01 8.038973465789359807e+01
2.549577366361329780e+02 7.357254977852319655e+01 7.918173999053885836e+01
2.549404055390702410e+02 7.280172450866554357e+01 7.806195974712940711e+01
2.549438459553605867e+02 7.309890121704725630e+01 7.728375908484926526e+01
2.549321162860706238e+02 7.295113533737581690e+01 7.696118780372425761e+01
2.549592848234636335e+02 7.207902206166946257e+01 7.582549563497182987e+01
2.549522427213692879e+02 7.185643787898335688e+01 7.499536618930891052e+01
2.549487162946716694e+02 7.111611404980003215e+01 7.463787468283662463e+01
2.549561239409968607e+02 7.149077538382144326e+01 7.438912183374188203e+01
2.549473508794564225e+02 7.286123295918805809e+01 7.341875241904270410e+01
2.549540274373199225e+02 7.453674794650152080e+01 7.513796069324388327e+01
2.549587042532146484e+02 7.472287446781059828e+01 7.710205134821313777e+01
2.549435019137315521e+02 7.481292736421106326e+01 7.753825312862856833e+01
2.549522642239710990e+02 7.454018836279189486e+01 7.863764890551756537e+01
2.549564894852277064e+02 7.200979443512665057e+01 7.879603707048552508e+01
2.549602954457489261e+02 7.210105147722875074e+01 7.956576570765062684e+01
2.549652732980690644e+02 7.272050918161097854e+01 8.062699436631832839e+01
2.549542209607362508e+02 7.239573388379993446e+01 8.154302670623145843e+01
2.549526942760074064e+02 7.343986797402486388e+01 8.290690448544273750e+01
2.549520491979529595e+02 7.286108244097535191e+01 8.362800498860362097e+01
2.549528555455210039e+02 7.178311400679481835e+01 8.365094826474003753e+01
2.549608652646970199e+02 7.248539973336774267e+01 8.327977035221262270e+01
2.549485335225562324e+02 7.376998666838687768e+01 8.317961123295918924e+01
2.549570270502730693e+02 7.331331441104373425e+01 8.307018449232357682e+01
2.549582096933729076e+02 7.345444673805531011e+01 8.268044983442996454e+01
2.549480282114135719e+02 7.352815765707650542e+01 8.242393454608007630e+01
2.549511030834731002e+02 7.374860233088203643e+01 8.243904012385497992e+01
2.549523609856792632e+02 7.322525050531113777e+01 8.254949898937771025e+01
2.549622091773104557e+02 7.371591837612351128e+01 8.218502988861652625e+01
2.549574033458048348e+02 7.411524319442652597e+01 8.261570550036555005e+01
2.549467918118092200e+02 7.385540575409623898e+01 8.294597471294027002e+01
2.549516406485184632e+02 7.269714660473917434e+01 8.387280135896443767e+01
2.549593923364727175e+02 7.159381585171806250e+01 8.459413839074528596e+01
2.549635745925257027e+02 7.214885176106308506e+01 8.593101965337805836e+01
2.549577151335311669e+02 7.240860319098611342e+01 8.712313464929256668e+01
2.549551025674106484e+02 7.028896271448844857e+01 8.848789403517825747e+01
2.549641766653764989e+02 6.857374317292392618e+01 8.917583752634068617e+01
2.549636068464284051e+02 6.886699565647442967e+01 8.948731346492925809e+01
2.549690577559884730e+02 6.733154861738270824e+01 9.036169526512708217e+01
2.549637466133402199e+02 6.774365673246462904e+01 9.085494344815722911e+01
2.549488453102825360e+02 6.947685244914634950e+01 9.299118393325592535e+01
2.549578333978411422e+02 6.948688341289296488e+01 9.313472455167075736e+01
2.549711435083645199e+02 6.985302971659571369e+01 9.299352771685373398e+01
2.549576291231238940e+02 7.034468670709155447e+01 9.327545908054874246e+01
2.549678858641895545e+02 6.969062056508838054e+01 9.293770696254246388e+01
2.549628327527630915e+02 7.006181998021760648e+01 9.312274760245989569e+01
2.549596181137917768e+02 7.023241087171547292e+01 9.265822689545434798e+01
2.549612415602287854e+02 7.118428804885391514e+01 9.270707005547670576e+01
2.549649400077409496e+02 7.159744979142476495e+01 9.289901303057669679e+01
2.549671117705242409e+02 7.185340601212746492e+01 9.310300821399388838e+01
2.549571668171848842e+02 7.132706532490431073e+01 9.291908570937083311e+01
2.549568227755558496e+02 7.216381757192620228e+01 9.304084419214724733e+01
2.549683696727304039e+02 7.189413193996473694e+01 9.287576871801488210e+01
2.549629725196748780e+02 7.159170859674020448e+01 9.297632563540187789e+01
2.549653593084763372e+02 7.125448329247838331e+01 9.293083688126263553e+01
2.549684019266331347e+02 7.052767384853567023e+01 9.276686879112372708e+01
2.549639831419601705e+02 7.125609598761450059e+01 9.219787769320087989e+01
2.549610802907151879e+02 7.225859028942501538e+01 9.236945770438222780e+01
2.549543822302498484e+02 7.116711822130477572e+01 9.179785404033887630e+01
2.549626177267449236e+02 7.122874467810605381e+01 9.182710833010794715e+01
2.549723154001634100e+02 7.186745796241345374e+01 9.173880789575538586e+01
2.549572313249903175e+02 7.180698189480926885e+01 9.189508880574550176e+01
2.549626392293467632e+02 7.112805874510816295e+01 9.152516879542424988e+01
2.549618973895841521e+02 7.142423558250548865e+01 9.146423042188104091e+01
2.549541026964262755e+02 7.233461273814131687e+01 9.152536231884057827e+01
2.549591880617554693e+02 7.234166559153658227e+01 9.133695652173912549e+01
2.549502214767987027e+02 7.210243839504579455e+01 9.126470777964134129e+01
2.549440932352814571e+02 7.170332860276093356e+01 9.118296563884230466e+01
2.549533931105663669e+02 7.035919021201564760e+01 9.088935836236184684e+01
2.549475121489700200e+02 6.936985550251580435e+01 9.096267148324947982e+01
2.549504472541177620e+02 6.950599922590633639e+01 9.105028383434395778e+01
2.549522212187674768e+02 6.931915236743645892e+01 9.086298542123597599e+01
2.549415774308691311e+02 6.979972476669676951e+01 9.112246806863630866e+01
2.549545757536662052e+02 7.049187201651399448e+01 9.161245860749150438e+01
2.549542639659398731e+02 7.168092289166989417e+01 9.178814561561948437e+01
2.549516944050230052e+02 7.249268911538295868e+01 9.214270201694405671e+01
2.549498881864705595e+02 7.167753623188406209e+01 9.198413107986065995e+01
2.549371478948952756e+02 7.215156108889175357e+01 9.203621038145615785e+01
2.549490388336988644e+02 7.300362318840579690e+01 9.159388035952349583e+01
2.549528555455210039e+02 7.245397368081538048e+01 9.189462649980647768e+01
2.549413193996473694e+02 7.374319442652560497e+01 9.204100546166085905e+01
2.549504150002150311e+02 7.389363738012299621e+01 9.201320259751429376e+01
2.549443835204059781e+02 7.318349245258676206e+01 9.201535285769578820e+01
2.549448673289467990e+02 7.300928912398400428e+01 9.254046789661549610e+01
2.549522964778738299e+02 7.202706102438395419e+01 9.229633810691093743e+01
2.549383842944996275e+02 7.151067604180106230e+01 9.206972218638455274e+01
2.549527265299101089e+02 7.142617081666881518e+01 9.266292521395088500e+01
2.549522964778738299e+02 7.117036511417882139e+01 9.254386530770223374e+01
2.549560486818905076e+02 7.088543413753063760e+01 9.236608179589730128e+01
2.549591128026491162e+02 7.106028254418784229e+01 9.214196017718144560e+01
2.549482862426353620e+02 7.062098438911108644e+01 9.200470906979744257e+01
2.549595536059863150e+02 7.081507762439255771e+01 9.190954930546595847e+01
2.549550810648088373e+02 7.136616780630455992e+01 9.135659914849696861e+01
2.549607254977852335e+02 7.284606287360770693e+01 9.010401883627919517e+01
2.549691652689975570e+02 7.274761321119855495e+01 8.989634670795166471e+01
2.549632090482948570e+02 7.315360383606416406e+01 8.839573388379993446e+01
2.549671117705242409e+02 7.396542381628177054e+01 8.794634025717111570e+01
2.549658216144153471e+02 7.313745538210123698e+01 8.646860620135036868e+01
2.549657356040080742e+02 7.371017718143895081e+01 8.625192448286242097e+01
2.549699071087601681e+02 7.404243538468155350e+01 8.540401238549864615e+01
2.549703909173009890e+02 7.394363092934244719e+01 8.479834860018061704e+01
2.549625317163376792e+02 7.421075775168795019e+01 8.470438223024986257e+01
2.549619403947877743e+02 7.414452973809831349e+01 8.480049886036209728e+01
2.549562637079086471e+02 7.393476110609383056e+01 8.539235797531500793e+01
2.549709177310454606e+02 7.403711349073238068e+01 8.552393239581989803e+01
2.549708532232399989e+02 7.446082225949339772e+01 8.612953167333247961e+01
2.549684234292349458e+02 7.420779039263750576e+01 8.619305035909344781e+01
2.549721326280480014e+02 7.408370962886509403e+01 8.632139938932610335e+01
2.549667892314970175e+02 7.424838730486388272e+01 8.651077280350922649e+01
2.549718745968262112e+02 7.510336300692384270e+01 8.682327011568399655e+01
2.549747774480712224e+02 7.511171676772889327e+01 8.702956607749537454e+01
2.549732507633423779e+02 7.440999010880317144e+01 8.800193523416334074e+01
2.549766696770309125e+02 7.412337117791253149e+01 8.968587924138820711e+01
2.549658216144153471e+02 7.315727002967359738e+01 9.111420031823850252e+01
2.549729927321205878e+02 7.313754139250849562e+01 9.138686406055133205e+01
2.549706596998236705e+02 7.336578075947190314e+01 9.304218810476068313e+01
2.549709929901518137e+02 7.315245344686707085e+01 9.396848793704037917e+01
2.549750677331957149e+02 7.267936395303831887e+01 9.483305379950974157e+01
2.549646604739173483e+02 7.315189437921988258e+01 9.612919838300435060e+01
2.549726271878897421e+02 7.219534038618672867e+01 9.672563755214380876e+01
2.549716058143035298e+02 7.197850814948608900e+01 9.760530899238807478e+01
2.549605964821743385e+02 7.230138046703650900e+01 9.722074571023094336e+01
2.549766804283318322e+02 7.128459768632004057e+01 9.642645035049241642e+01
2.549687244656603582e+02 7.150195673676515185e+01 9.624102266374231363e+01
2.549675633251623310e+02 7.158755859458995019e+01 9.622646540231367851e+01
2.549710037414527051e+02 7.153022190685072701e+01 9.550981593772846168e+01
2.549602416892444126e+02 7.226537436029759931e+01 9.552470648948522580e+01
2.549730572399260211e+02 7.251436373801229252e+01 9.552360985679267458e+01
2.549674558121532755e+02 7.282681804498344036e+01 9.511306068034231487e+01
2.549697565905474619e+02 7.412474734442866975e+01 9.533737582247451314e+01
2.549747236915666804e+02 7.340179761751171839e+01 9.446872446566034398e+01
2.549658968735217002e+02 7.217866511847932998e+01 9.494678106050831445e+01
2.549746806863630582e+02 7.197745452199715999e+01 9.576038575667655550e+01
2.549713155291790372e+02 7.173916268868532597e+01 9.580737969294284540e+01
2.549679503719950162e+02 7.174056035780328955e+01 9.660720122134777910e+01
2.549720358663398372e+02 7.185075044080333839e+01 9.667462262933814543e+01
2.549653163032726866e+02 7.180645508106481145e+01 9.744142691265642497e+01
2.549748742097793865e+02 7.269813572442265581e+01 9.811798477615791114e+01
2.549684986883412989e+02 7.311410355653033832e+01 9.889560486818905360e+01
2.549671977809314853e+02 7.223409882595794329e+01 9.899807551713757903e+01
2.549741323700167754e+02 7.185735173956048527e+01 9.899884961080290680e+01
2.549681869006149668e+02 7.165705500365544367e+01 9.911895239323958151e+01
2.549774222680944433e+02 7.187889734657893825e+01 9.910166430138046678e+01
2.549757450651528927e+02 7.188045628521051356e+01 9.895695179116673046e+01
2.549684879370403792e+02 7.261023308820367106e+01 9.850152668472885864e+01
2.549732400120414582e+02 7.198670064077752784e+01 9.828147980905688996e+01
2.549657786092117249e+02 7.248393755644433156e+01 9.824163548789402967e+01
2.549736808153786569e+02 7.316598933470949362e+01 9.775320388767040924e+01
2.549813787468283692e+02 7.284408463424074398e+01 9.747795983313980628e+01
2.549673805530469224e+02 7.281507762439255771e+01 9.747341203285597544e+01
2.549729712295187767e+02 7.277002967359049990e+01 9.750612824151721725e+01
2.549704339225046112e+02 7.159543929815507113e+01 9.646748806605599214e+01
2.549736915666795767e+02 7.263306885133101787e+01 9.523151851374015564e+01
2.549741001161140446e+02 7.342404205908914605e+01 9.509019266331226561e+01
2.549725734313852001e+02 7.343696512277985278e+01 9.396430568098739400e+01
2.549746699350621384e+02 7.348901217047263401e+01 9.363631574420504933e+01
2.549761536145873606e+02 7.410003010364253839e+01 9.235873865737754329e+01
2.549811852234120408e+02 7.437059734227841545e+01 9.191409710574978931e+01
2.549769062056508915e+02 7.369173870038274288e+01 9.084713800369844705e+01
2.549759385885692211e+02 7.503057669978066713e+01 9.072457317335397420e+01
2.549742721369285618e+02 7.543662108115081821e+01 9.026598718444931535e+01
2.549701758912828495e+02 7.487636003956478703e+01 9.073652861996301056e+01
2.549769277082527026e+02 7.560085795381240814e+01 9.183583838644476316e+01
2.549780673461488902e+02 7.512510213735862408e+01 9.249759170859674384e+01
2.549732185094396471e+02 7.416968778222164360e+01 9.398685115899023401e+01
2.549739173439986359e+02 7.478213563841224243e+01 9.447769105061712480e+01
2.549729497269169656e+02 7.400868705113319379e+01 9.484971831591622049e+01
2.549695093106265915e+02 7.223011009332128651e+01 9.547687395174816061e+01
2.549736915666795767e+02 7.224933341934374198e+01 9.645781189523931687e+01
2.549709929901518137e+02 7.248804455339096364e+01 9.694513611146949472e+01
2.549786371650969841e+02 7.132211972648690335e+01 9.682297983055950397e+01
2.549796477873822766e+02 7.193359996559583180e+01 9.708239797015438910e+01
2.549777663097234779e+02 7.330807852750183429e+01 9.727249172149829803e+01
2.549794435126650285e+02 7.373126048251837972e+01 9.717790177611490776e+01
2.549749924740893618e+02 7.316584956779770721e+01 9.696804713370318041e+01
2.549732292607405384e+02 7.328282372167032577e+01 9.719236227583537868e+01
2.549801746011267483e+02 7.327515804412334433e+01 9.717459037543542877e+01
2.549780996000515927e+02 7.264740033544059372e+01 9.691732249602202387e+01
2.549708424719391076e+02 7.301448200232228203e+01 9.681316389283102808e+01
2.549711220057627088e+02 7.238450952565260366e+01 9.685660989979787416e+01
2.549714230421880927e+02 7.268439556186298489e+01 9.680712166172106947e+01
2.549803251193394260e+02 7.258343009504150700e+01 9.658072076721283850e+01
2.549745624220530544e+02 7.255114393841654419e+01 9.665172235840536530e+01
2.549738420848922829e+02 7.262831677632993888e+01 9.564350836451210114e+01
2.549804218810476186e+02 7.308570937083386809e+01 9.554229561776975288e+01
2.549778308175289112e+02 7.292492366576355778e+01 9.517304218810475902e+01
2.549788629424160433e+02 7.306394873779727561e+01 9.500671956306713639e+01
2.549726486904915532e+02 7.333282802219068230e+01 9.444100761192103732e+01
2.549792714918505112e+02 7.363184320302757158e+01 9.417999827979186023e+01
2.549789059476196655e+02 7.347585257816196247e+01 9.421990710876015385e+01
2.549779490818389149e+02 7.328651141788157020e+01 9.424666709671870990e+01
2.549832817270889791e+02 7.379133875198898807e+01 9.385572829312346244e+01
2.549797445490904408e+02 7.435963101535286057e+01 9.320338235926547554e+01
2.549802498602331013e+02 7.389726056852879310e+01 9.293330968047133922e+01
2.549813894981292606e+02 7.425781619575968762e+01 9.307729110222336999e+01
2.549789489528232878e+02 7.515309852492151776e+01 9.276720208145185609e+01
2.549824753795209347e+02 7.362286586676988520e+01 9.265161484539629555e+01
2.549826043951318013e+02 7.458861222207886499e+01 9.230634756805574170e+01
2.549827441620436161e+02 7.458975185997505264e+01 9.198363652001891921e+01
2.549865931277684581e+02 7.454681116415086706e+01 9.145265127080376999e+01
2.549757343138519730e+02 7.498247537952092046e+01 9.170414570162989776e+01
2.549851201995441556e+02 7.548444286758697785e+01 9.206295961811379414e+01
2.549822065969982248e+02 7.547613211198554950e+01 9.260397583107555874e+01
2.549793790048595952e+02 7.505204704769276702e+01 9.306218552444845216e+01
2.549801423472240174e+02 7.446096202640519834e+01 9.386973723820582904e+01
2.549780780974497816e+02 7.341984905173525533e+01 9.451387992947147154e+01
2.549818410527673791e+02 7.336812454306971176e+01 9.481136842557950217e+01
2.549838837999398038e+02 7.286274889261601118e+01 9.479792929944522939e+01
2.549729819808196680e+02 7.320325334365458048e+01 9.562625252655571728e+01
2.549814110007311001e+02 7.331683008644046140e+01 9.646802563110136930e+01
2.549817765449619458e+02 7.349583924654882594e+01 9.635797531501312108e+01
2.549801100933212865e+02 7.432160366404335150e+01 9.655189652948006085e+01
2.549869371693974927e+02 7.406815249645207189e+01 9.609018191201136005e+01
2.549770889777663001e+02 7.429168279361802263e+01 9.570880101492281256e+01
2.549845933857996840e+02 7.437911237259707775e+01 9.546334881520664339e+01
2.549825076334236371e+02 7.463969165268997585e+01 9.532322711048037434e+01
2.549810777104029569e+02 7.432007697931449286e+01 9.525520362963918330e+01
2.549790779684341828e+02 7.406695910205134226e+01 9.532099083989162125e+01
2.549802391089321816e+02 7.463695007095859069e+01 9.459766481744290445e+01
2.549818410527673791e+02 7.465730228357631404e+01 9.438835849137745981e+01
2.549828839289554026e+02 7.462710187932739814e+01 9.459116028039392177e+01
2.549773792628908211e+02 7.519912484410613729e+01 9.361761923192706547e+01
2.549811207156065791e+02 7.480721842342923367e+01 9.308260224487162304e+01
2.549849374274287186e+02 7.479246763858427016e+01 9.298012084462220628e+01
2.549777018019180446e+02 7.459690147507848224e+01 9.227508278501699124e+01
2.549813894981292606e+02 7.492022534726702077e+01 9.199879585429836482e+01
2.549778738227325618e+02 7.557722659441792246e+01 9.123547499247409576e+01
2.549837762869307198e+02 7.552779211284565974e+01 9.014989463725110852e+01
2.549827119081408853e+02 7.613328387734915736e+01 9.001370790865695426e+01
2.549772179933771952e+02 7.676046101578290859e+01 8.932681804498344036e+01
2.549776480454135026e+02 7.621787511288866312e+01 8.862970369414699690e+01
2.549749602201866310e+02 7.552885649163549431e+01 8.927658796714402456e+01
2.549794435126650285e+02 7.548266890293724884e+01 9.039098180879886968e+01
2.549777663097234779e+02 7.473790478647916302e+01 9.119174945168364843e+01
2.549772717498817372e+02 7.395629596181137799e+01 9.255393927665247134e+01
2.549770244699608668e+02 7.396650969767341621e+01 9.274091515073324388e+01
2.549700683782737656e+02 7.387610200834301111e+01 9.422785232013073653e+01
2.549734442867587063e+02 7.391183933255923932e+01 9.516389283103255536e+01
2.549834860018062273e+02 7.421326280479938475e+01 9.592573001333161642e+01
2.549774222680944433e+02 7.362262933814992039e+01 9.666849438782092818e+01
2.549747559454694112e+02 7.345468326667526071e+01 9.700996645594116785e+01
2.549726594417924446e+02 7.345812368296563477e+01 9.673646411215757723e+01
2.549763686406055001e+02 7.310738399346321614e+01 9.647003612437104891e+01
2.549723691566679520e+02 7.366802133058099855e+01 9.609613813271406002e+01
2.549667677288952063e+02 7.364874424805401532e+01 9.580647658366662256e+01
2.549710359953554359e+02 7.301100933212919131e+01 9.525687008127982836e+01
2.549658861222207804e+02 7.339568012729540669e+01 9.518777147034791142e+01
2.549692620307057211e+02 7.395695179116673046e+01 9.471076850298885574e+01
2.549718745968262112e+02 7.386178127553434081e+01 9.445641422612136751e+01
2.549654668214853928e+02 7.424472111125446361e+01 9.452637294112587085e+01
2.549737453231841187e+02 7.500447254117747775e+01 9.479190857093708189e+01
2.549709499849481915e+02 7.524218380424031238e+01 9.435076119210424395e+01
2.549709177310454606e+02 7.500280608953683270e+01 9.357142089192792866e+01
2.549672730400378384e+02 7.496717627832967423e+01 9.355260611533995529e+01
2.549738635874940940e+02 7.429699393626628989e+01 9.344022276695480400e+01
2.549739280952995273e+02 7.513853051219197710e+01 9.367729970326409727e+01
2.549686277039521656e+02 7.532386143723390148e+01 9.383167763299358910e+01
2.549679933771986384e+02 7.442573001333161642e+01 9.301118135294370859e+01
2.549689072377757668e+02 7.445236098567926319e+01 9.285143852406140752e+01
2.549705521868146150e+02 7.440021717627833198e+01 9.241200060207285105e+01
2.549758095729583260e+02 7.438618672859415426e+01 9.256728164107856571e+01
2.549796585386831680e+02 7.516191459166559241e+01 9.380543370747859910e+01
2.549744441577430791e+02 7.460986754397282539e+01 9.536571625166645561e+01
2.549592633208618224e+02 7.326613770266202152e+01 9.626178342579451908e+01
2.549695845697329446e+02 7.292556874381800469e+01 9.704630585300822077e+01
2.549760998580828186e+02 7.216660215886122387e+01 9.775153743602976419e+01
2.549737453231841187e+02 7.209076248226035943e+01 9.930033759084849976e+01
2.549802391089321816e+02 7.218594374919365464e+01 9.973388379993978958e+01
2.549596073624908570e+02 7.219493183675224657e+01 1.010751300907409842e+02
2.549756805573474310e+02 7.106763643400852004e+01 1.013206037930589645e+02
2.549773577602889816e+02 7.080146647744376764e+01 1.026435406184148320e+02
2.549703694146991779e+02 7.202230894938287520e+01 1.021152539457274315e+02
2.549802928654367236e+02 7.263168193351395985e+01 1.015305336945770449e+02
2.549753580183202075e+02 7.223685115899023401e+01 1.002740291575280622e+02
2.549777985636262088e+02 7.329651012772545471e+01 9.963211198555025305e+01
2.549820023222810050e+02 7.295622070270502491e+01 9.883716079645637365e+01
2.549761643658882804e+02 7.281237904786479476e+01 9.786966197909947596e+01
2.549816797832537816e+02 7.392834257945212073e+01 9.707382918333118482e+01
2.549806154044639470e+02 7.308576312733841007e+01 9.615421666021588010e+01
2.549619833999913965e+02 7.409717025760116371e+01 9.586202855545521118e+01
2.549837225304261779e+02 7.470488754139250887e+01 9.506122865866770155e+01
2.549691437663957458e+02 7.445129660688942863e+01 9.497314325033329396e+01
2.549809916999957125e+02 7.516609684771857758e+01 9.394421149959144657e+01
2.549748097019739248e+02 7.527341633337633198e+01 9.355129445662925036e+01
2.549686922117576273e+02 7.559622414312131866e+01 9.259515976433148410e+01
2.549832387218853569e+02 7.497336902765233901e+01 9.190762482260353750e+01
2.549658431170171582e+02 7.573774351696555129e+01 9.109492323571151928e+01
2.549753257644175051e+02 7.599257085107298337e+01 9.067509568657807506e+01
2.549823356126091198e+02 7.553352255622930045e+01 8.997855115468971121e+01
2.549687137143594384e+02 7.634922375607447975e+01 8.919720036124371632e+01
2.549812604825183939e+02 7.686272739001418586e+01 8.930029458564486333e+01
2.549754547800283717e+02 7.561502816840837227e+01 8.902202941555928817e+01
2.549746591837612470e+02 7.655339096030620283e+01 8.899602201866426299e+01
2.549795510256741125e+02 7.681601298757149721e+01 8.913504709069798082e+01
2.549667462262933952e+02 7.681603449017330831e+01 8.920470476927708603e+01
2.549801208446222063e+02 7.677907151765363380e+01 8.878371607964564305e+01
2.549797875542940631e+02 7.714404592955747830e+01 8.858265600137616502e+01
2.549735517997677618e+02 7.747639014320732542e+01 8.753044768416978627e+01
2.549740141057068001e+02 7.749954844536189569e+01 8.718113791768803367e+01
2.549766804283318322e+02 7.660943749193651797e+01 8.710006235754526926e+01
2.549777125532189359e+02 7.779471466047391459e+01 8.760613684255794453e+01
2.549808089278802754e+02 7.707638799294714715e+01 8.854381155119769176e+01
2.549744441577430791e+02 7.678395260826559365e+01 8.991566679568228437e+01
2.549687782221648717e+02 7.665258246247796592e+01 9.114887326366491038e+01
2.549823678665118507e+02 7.584656818475035323e+01 9.267893390100202566e+01
2.549750569818947952e+02 7.549612953167333274e+01 9.394881305637981939e+01
2.549811529695093100e+02 7.548017460112673405e+01 9.543179374704338613e+01
2.549761751171891717e+02 7.482030275663355212e+01 9.622015438868102422e+01
2.549756052982410779e+02 7.449271061798476978e+01 9.745184492323571135e+01
2.549740678622113137e+02 7.398834558981636178e+01 9.865743129918719490e+01
2.549705736894164261e+02 7.302892099944092763e+01 9.892109620264051273e+01
2.549722186384552458e+02 7.259441792456887299e+01 9.938457403345805119e+01
2.549789059476196655e+02 7.305010106222853494e+01 1.000089665849567808e+02
2.549819055605728408e+02 7.385278243667484332e+01 1.002506020728508105e+02
2.549695953210338359e+02 7.399283963359566485e+01 1.007599342020384512e+02
2.549754440287274804e+02 7.439828194211499124e+01 1.010013546639143271e+02
2.549793144970541334e+02 7.446715477572786313e+01 1.016118457833397883e+02
2.549762181223928224e+02 7.417063389670150286e+01 1.015806132542037545e+02
2.549779383305379952e+02 7.420223197006838234e+01 1.017310024512966038e+02
2.549741323700167754e+02 7.388975616049542339e+01 1.015511439384165442e+02
2.549736270588741149e+02 7.384432116286070880e+01 1.018095729583279621e+02
2.549809056895884396e+02 7.457744162043607616e+01 1.024562099514041194e+02
2.549769922160581359e+02 7.428432890379735909e+01 1.032903066271018844e+02
2.549810024512966038e+02 7.371439169139465264e+01 1.032742011783425795e+02
2.549750032253902816e+02 7.479030662710188437e+01 1.035845804842385860e+02
2.549702834042919335e+02 7.450760116974153391e+01 1.038148303444716873e+02
2.549783361286715717e+02 7.374666709671870990e+01 1.035075689158388172e+02
2.549752290027093409e+02 7.382760288994968789e+01 1.033240549606502441e+02
2.549809379434911705e+02 7.389280952995312646e+01 1.039890981808798927e+02
2.549755945469401865e+02 7.339017546123081104e+01 1.045848277641594564e+02
2.549771212316690310e+02 7.284474046359609645e+01 1.043912505913215512e+02
2.549709392336472717e+02 7.305447684169784850e+01 1.043886917817055888e+02
2.549797875542940631e+02 7.229887541392508865e+01 1.050169655528318913e+02
2.549774222680944433e+02 7.271842342923493163e+01 1.061117167677288933e+02
2.549689932481830397e+02 7.306552917903066202e+01 1.065551756762568232e+02
2.549749387175848199e+02 7.299124844106137289e+01 1.071921795037199558e+02
2.549754762826302112e+02 7.279730572399260780e+01 1.080804734872919681e+02
2.549791962327441581e+02 7.318992173052939165e+01 1.083379993979271489e+02
2.549746054272567051e+02 7.212440330279963518e+01 1.087835548101320313e+02
2.549704016686019088e+02 7.176524534468670424e+01 1.088678987657506525e+02
2.549779813357416174e+02 7.282911882337762677e+01 1.098173353975831077e+02
2.549782501182642989e+02 7.286445834946027844e+01 1.094946028469444741e+02
2.549709607362490829e+02 7.280513267105320097e+01 1.088038855201479436e+02
2.549759278372683013e+02 7.346824065711950880e+01 1.074473508794564083e+02
2.549763148841009865e+02 7.347806734614889024e+01 1.065908054874639816e+02
2.549803466219412655e+02 7.346995011396379027e+01 1.058197221863845527e+02
2.549783576312733828e+02 7.476741710747000980e+01 1.059584784758955891e+02
2.549712187674708730e+02 7.508704253214638413e+01 1.047613318711564148e+02
2.549789382015223964e+02 7.442073065840966706e+01 1.041966627961983392e+02
2.549761428632864693e+02 7.473779727347009327e+01 1.029102911452285696e+02
2.549777663097234779e+02 7.535016987055433901e+01 1.027454737023179803e+02
2.549780135896443483e+02 7.498330322969079020e+01 1.019306648604481182e+02
2.549781533565561347e+02 7.553968305164924857e+01 1.009876467552573871e+02
2.549803681245430766e+02 7.530093966369931024e+01 1.007181331441104390e+02
2.549770889777663001e+02 7.519887756418526692e+01 9.988392895540360428e+01
2.549777233045198557e+02 7.538024125919235985e+01 9.921606889433621745e+01
2.549747774480712224e+02 7.534719176020298903e+01 9.918815851718058241e+01
2.549721326280480014e+02 7.539703479120973384e+01 9.832650625725712246e+01
2.549771749881735730e+02 7.598072291747301676e+01 9.832136713542338669e+01
2.549780458435470791e+02 7.568955618629854598e+01 9.815869995269427761e+01
2.549737453231841187e+02 7.589149787124242152e+01 9.756488410097621511e+01
2.549733582763514335e+02 7.646514428245818351e+01 9.714214294929686844e+01
2.549739065926977162e+02 7.618085838386444664e+01 9.537037156495935619e+01
2.549804648862512408e+02 7.674934417064464753e+01 9.514041198985077585e+01
2.549740356083086112e+02 7.736721068249258337e+01 9.388094009375134874e+01
2.549790564658323717e+02 7.703551154689716896e+01 9.246946630542295509e+01
2.549757773190555952e+02 7.754714445447899607e+01 9.166196834817013439e+01
2.549764116458091507e+02 7.836746871371435930e+01 9.125253730701415122e+01
2.549817657936610260e+02 7.890556057282931590e+01 9.092154775727863125e+01
2.549787984346105816e+02 7.863487506988344933e+01 8.956026104158603118e+01
2.549808196791811667e+02 7.914846471423042829e+01 8.923426009547155502e+01
2.549824968821227458e+02 7.901891153829613756e+01 8.924254934847115805e+01
2.549761751171891717e+02 7.865838816496795971e+01 8.876593342794478758e+01
2.549793575022577841e+02 7.811960822259493398e+01 8.913620823119597958e+01
2.549755085365329137e+02 7.732879628435040331e+01 8.844852277125532680e+01
2.549773470089880902e+02 7.675853653292048762e+01 8.865579710144928072e+01
2.549802176063303705e+02 7.695930632606545885e+01 8.890028168408377951e+01
2.549755300391347248e+02 7.645072678794133481e+01 8.899028082397970252e+01
2.549750784844966347e+02 7.724366748376553460e+01 8.939742183804240483e+01
2.549821850943964137e+02 7.706035780329419538e+01 8.952811465187288320e+01
2.549780565948479705e+02 7.763045628521051356e+01 9.015428116802132763e+01
2.549797553003913606e+02 7.748260439513181552e+01 9.028925299961295536e+01
2.549759708424719520e+02 7.720733883799940145e+01 9.070738184320302366e+01
2.549770029673590557e+02 7.676563239151937523e+01 9.086239409968605685e+01
2.549838945512406951e+02 7.694901733109706754e+01 9.164809916999956840e+01
2.549767986926418075e+02 7.695323184105276937e+01 9.250941813959488513e+01
2.549774007654926322e+02 7.681087386573774722e+01 9.272022964778737730e+01
2.549790457145314519e+02 7.638922934675095178e+01 9.256193824452758179e+01
2.549829161828581334e+02 7.715960306197050045e+01 9.327491076420247396e+01
2.549793144970541334e+02 7.710093321291876123e+01 9.362472584182685864e+01
2.549773792628908211e+02 7.665494774867758565e+01 9.365137831677633073e+01
2.549811529695093100e+02 7.702934030017631528e+01 9.376423472240141166e+01
2.549853029716595643e+02 7.730517567625682318e+01 9.371139207844149155e+01
2.549785189007870088e+02 7.725790220616694626e+01 9.294507160366404719e+01
2.549787554294069594e+02 7.678324302240571342e+01 9.224469960865265250e+01
2.549823571152109309e+02 7.616795682277555102e+01 9.193831978669419414e+01
2.549795617769750038e+02 7.651391218337418820e+01 9.126883627918978448e+01
2.549816367780501309e+02 7.674889261600654322e+01 9.090706575495634922e+01
2.549767556874381853e+02 7.633047348729196813e+01 9.076081580871284871e+01
2.549784866468842779e+02 7.610363178944652418e+01 9.101320259751429376e+01
2.549780780974497816e+02 7.589605642282715792e+01 9.077760934073022270e+01
2.549747344428676001e+02 7.634568657807594150e+01 9.072664817442910135e+01
2.549789382015223964e+02 7.638243452457747651e+01 8.956256181998021759e+01
2.549771534855717618e+02 7.681209951404119352e+01 8.965717326796541897e+01
2.549750999870984458e+02 7.662866081795897344e+01 8.942763299359222628e+01
2.549776587967143939e+02 7.641054917645034550e+01 8.933000043005203850e+01
2.549750569818947952e+02 7.648091644088934515e+01 8.898764675525738710e+01
2.549775297811035273e+02 7.698843160022362042e+01 8.925160194383519752e+01
2.549786801703006063e+02 7.695079129574678234e+01 8.911853309250419386e+01
2.549817657936610260e+02 7.716560228787683684e+01 8.930166000086011024e+01
2.549777448071216668e+02 7.684290199114093411e+01 8.907119511460886940e+01
2.549765944179245594e+02 7.661109319227627168e+01 8.864616393583624188e+01
2.549800133316131223e+02 7.653094224401152701e+01 8.876891153829613756e+01
2.549786371650969841e+02 7.668120242549348120e+01 8.878249043134219676e+01
2.549772179933771952e+02 7.681512062959617992e+01 8.863152066400034812e+01
2.549791639788414273e+02 7.700351567539672715e+01 8.865658194641551404e+01
2.549789704554250989e+02 7.663040252870597158e+01 8.844649077538382187e+01
2.549816367780501309e+02 7.698666838687481118e+01 8.861512493011655067e+01
2.549778630714316421e+02 7.669410398658237682e+01 8.859121403689846375e+01
2.549701006321764964e+02 7.610939448673289576e+01 8.817177353459769051e+01
2.549786371650969841e+02 7.628501698705542822e+01 8.804352126607319917e+01
2.549783576312733828e+02 7.650448329247838331e+01 8.787609125704210555e+01
2.549802821141358038e+02 7.630775598847461083e+01 8.797531501311658531e+01
2.549772287446781149e+02 7.685287919838300752e+01 8.810901819120113032e+01
2.549717348299144248e+02 7.767195630671311335e+01 8.836473788328387968e+01
2.549781318539543236e+02 7.724920440373284691e+01 8.812423128198511790e+01
2.549805616479594050e+02 7.744162043607276757e+01 8.820952135208359834e+01
2.549750784844966347e+02 7.798805530469186920e+01 8.796912226379392052e+01
2.549841848363651877e+02 7.739091730099342215e+01 8.775112888659528210e+01
2.549801208446222063e+02 7.743368597600309045e+01 8.759676170816668161e+01
2.549754870339311026e+02 7.737076936309293274e+01 8.752405066012987334e+01
2.549843138519760828e+02 7.681074485012686637e+01 8.743298714144411576e+01
2.549792177353459692e+02 7.685343826603019579e+01 8.738657377542682525e+01
2.549834214940007655e+02 7.706126091257041821e+01 8.750484883670924319e+01
2.549803358706403458e+02 7.677295402743732211e+01 8.749222680944394881e+01
2.549778523201307223e+02 7.706715262546768486e+01 8.741205435857739303e+01
2.549794112587622976e+02 7.724008730056337413e+01 8.763163892831032342e+01
2.549780028383434285e+02 7.711892013933686485e+01 8.757111985550251632e+01
2.549839375564443174e+02 7.731212101664301883e+01 8.749994624349545802e+01
2.549813464929256384e+02 7.695351137487635640e+01 8.738719735087946106e+01
2.549799595751085803e+02 7.655757321635917378e+01 8.740645293080463318e+01
2.549808196791811667e+02 7.663832623747472894e+01 8.746997161656560138e+01
2.549790564658323717e+02 7.628997333677375536e+01 8.711487765019568030e+01
2.549788199372123927e+02 7.705231583021546271e+01 8.721862770395217979e+01
2.549784866468842779e+02 7.712673633509655247e+01 8.713148841009761725e+01
2.549805723992602964e+02 7.710461015782910010e+01 8.718037457532361145e+01
2.549802606115339927e+02 7.763649851632047216e+01 8.726320259751429376e+01
2.549840558207543211e+02 7.712062959618113211e+01 8.719975917085967865e+01
2.549834537479034964e+02 7.650095686578076482e+01 8.687692985851288086e+01
2.549831634627790038e+02 7.699339870124285312e+01 8.642547198210984050e+01
2.549831527114780840e+02 7.784061196404765326e+01 8.661555498215284388e+01
2.549806799122693803e+02 7.837181223928095619e+01 8.654733797789532446e+01
2.549823248613082285e+02 7.773050789145486306e+01 8.659231066959101497e+01
2.549825291360254482e+02 7.769668429880015026e+01 8.689981937814475543e+01
2.549845933857996840e+02 7.799488238076807534e+01 8.650568743818001849e+01
2.549802391089321816e+02 7.768777147034791142e+01 8.650354792929944381e+01
2.549823678665118507e+02 7.743358921429492625e+01 8.703824237732766278e+01
2.549820238248828161e+02 7.762223154001634384e+01 8.702885649163549431e+01
2.549813249903238273e+02 7.724888186470562346e+01 8.709964305680986740e+01
2.549841095772588346e+02 7.735395432847374764e+01 8.723038962714488775e+01
2.549799273212058779e+02 7.733102180363823663e+01 8.714654023136799310e+01
2.549823463639100396e+02 7.671165010966326747e+01 8.667514944308261704e+01
2.549767771900399964e+02 7.642198856061583001e+01 8.705518642755772873e+01
2.549808304304820865e+02 7.674611878037242718e+01 8.663573517395604995e+01
2.549834429966025766e+02 7.665580785275018627e+01 8.679195157614071832e+01
2.549788736937169347e+02 7.659065496925127547e+01 8.670364039048725147e+01
2.549801638498258285e+02 7.731519588870253301e+01 8.712966068894336047e+01
2.549797445490904408e+02 7.694656603449017496e+01 8.779705844407173743e+01
2.549812927364210964e+02 7.684485872790607175e+01 8.790093751343913198e+01
2.549786586676987952e+02 7.722186384552530569e+01 8.803519975917086526e+01
2.549798735647013359e+02 7.716022663742312204e+01 8.831281985120199352e+01
2.549786156624951730e+02 7.712900485958800800e+01 8.807396895024298544e+01
2.549822496022018754e+02 7.722394959790135260e+01 8.842609555756246209e+01
2.549804003784457791e+02 7.736556573345374943e+01 8.841533350535414115e+01
2.549788199372123927e+02 7.750175246204790369e+01 8.847489571238119765e+01
2.549802821141358038e+02 7.718153571582161021e+01 8.810611533995613343e+01
2.549803466219412655e+02 7.752415817313894308e+01 8.818814776587967685e+01
2.549771642368726532e+02 7.724681761493140186e+01 8.915945254375779427e+01
2.549812174773147433e+02 7.688808970885477834e+01 8.943066486044811825e+01
2.549803143680385347e+02 7.652967359050444429e+01 8.973141100073108589e+01
2.549775942889089606e+02 7.653428589859373687e+01 8.949042059089150314e+01
2.549758525781619483e+02 7.688227325506386478e+01 8.995503805960521504e+01
2.549801961037285594e+02 7.617845009246119048e+01 9.000854728422139317e+01
2.549825506386272878e+02 7.595478002838343912e+01 8.941761278114651645e+01
2.549792714918505112e+02 7.647105749795724705e+01 8.945903754354276316e+01
2.549802391089321816e+02 7.679240313077882263e+01 8.975083860147077530e+01
2.549803788758439680e+02 7.644844751214897371e+01 8.991522599234507140e+01
2.549795295230723013e+02 7.700794521137058268e+01 9.024683911753322718e+01
2.549827871672472384e+02 7.681054057540961821e+01 9.039826043951318013e+01
2.549807014148711914e+02 7.653069496409065664e+01 8.979440287274759669e+01
2.549788736937169347e+02 7.656223928095299414e+01 8.966793532017373991e+01
2.549778415688298310e+02 7.728645766137702822e+01 8.993253558680599724e+01
2.549833354835935211e+02 7.660279318797574888e+01 8.970123209908399531e+01
2.549846793962069285e+02 7.702344858727906285e+01 8.957726959962155888e+01
2.549780888487507013e+02 7.722063819722185940e+01 8.899280737969294819e+01
2.549773147550853594e+02 7.662868232056078455e+01 8.878901647099299055e+01
2.549819915709800853e+02 7.726146088676729562e+01 8.853573732421622822e+01
2.549812282286156631e+02 7.724861308218294198e+01 8.832753838214424036e+01
2.549790887197350742e+02 7.679606932438825595e+01 8.847876618070786492e+01
2.549821098352900606e+02 7.762727390014191542e+01 8.848980776673977289e+01
2.549818518040682989e+02 7.737352169612523767e+01 8.838193996473573577e+01
2.549871736980174717e+02 7.669063131638928610e+01 8.828186685588956095e+01
2.549773577602889816e+02 7.660864189566937910e+01 8.851427772760503387e+01
2.549815830215456174e+02 7.607289382015224533e+01 8.858399991398958662e+01
2.549829161828581334e+02 7.573285167505268589e+01 8.847250892357975260e+01
2.549835075044080384e+02 7.597502472799209272e+01 8.895165139981938296e+01
2.549790887197350742e+02 7.638267105319744132e+01 8.915356083086052763e+01
2.549788091859115013e+02 7.605841181782996330e+01 8.902737281211027209e+01
2.549823141100073087e+02 7.659735302971660076e+01 8.934815937728464519e+01
2.549805078914548631e+02 7.691194684556830907e+01 8.954098395905904795e+01
2.549786801703006063e+02 7.713404721971357958e+01 8.988961639358362277e+01
2.549795725282759236e+02 7.807988216574204898e+01 9.001295531759342339e+01
2.549756483034447285e+02 7.805074614028296764e+01 9.009653593084763656e+01
2.549778953253343730e+02 7.728643615877521711e+01 9.040419515761406899e+01
2.549772072420763038e+02 7.756661506042230769e+01 9.000919236227584008e+01
2.549750677331957149e+02 7.735827635143851921e+01 9.011286715692598648e+01
2.549778953253343730e+02 7.685696469272781428e+01 9.022125102137358965e+01
2.549739926031049890e+02 7.787090913000473336e+01 9.054073667913817758e+01
2.549774867758998766e+02 7.768397626112759724e+01 9.066822560529824671e+01
2.549818303014664878e+02 7.737609125704210555e+01 9.035895368339569700e+01
2.549808519330838976e+02 7.797331527114781125e+01 9.081513138089708548e+01
2.549767986926418075e+02 7.802197565905474619e+01 9.041287145744635723e+01
2.549782608695652186e+02 7.764683051649249990e+01 8.997382058229045754e+01
2.549761536145873606e+02 7.753932825871930845e+01 8.950267707392595185e+01
2.549762826301982557e+02 7.664795940308776778e+01 8.920481228228615578e+01
2.549725626800842804e+02 7.734843891110824643e+01 8.834574033458048348e+01
2.549745409194512433e+02 7.750354792929944381e+01 8.840945254375779427e+01
2.549764331484109618e+02 7.813381069109362898e+01 8.831860405109017620e+01
2.549812497312174742e+02 7.740763557390444305e+01 8.811273814131510562e+01
2.549791102223369137e+02 7.822331527114781125e+01 8.800993420203845119e+01
2.549741861265213174e+02 7.820579065066873170e+01 8.720841396809014157e+01
2.549775512837053384e+02 7.791478518900787265e+01 8.677828667268740048e+01
2.549667892314970175e+02 7.906003526426697192e+01 8.701265428116802525e+01
2.549828194211499692e+02 7.938283232271105305e+01 8.716765578635015288e+01
2.549654238162817705e+02 7.853872618586848375e+01 8.707840923751774653e+01
2.549776050402098519e+02 7.864937857480755667e+01 8.675817098868962773e+01
2.549734335354577865e+02 7.881285210510472439e+01 8.672800283834344270e+01
2.549787124242033372e+02 7.812214552960908520e+01 8.633040897948652059e+01
2.549806046531630273e+02 7.921949855932567175e+01 8.666197909947103994e+01
2.549725411774824693e+02 7.883582763514385761e+01 8.657468928740377123e+01
2.549722723949597878e+02 7.791386057712983870e+01 8.642185954500494915e+01
2.549784651442824668e+02 7.843963144540489907e+01 8.652161011482390052e+01
2.549721648819507038e+02 7.874219455554121794e+01 8.666627961983400041e+01
2.549765836666236680e+02 7.757592568700812308e+01 8.662838128413538641e+01
2.549759708424719520e+02 7.758658022620737427e+01 8.631561518943792066e+01
2.549689502429793890e+02 7.808272050918161256e+01 8.661439384165484512e+01
2.549811637208102297e+02 7.828167333247323256e+01 8.653547929299445229e+01
2.549749279662839285e+02 7.887515589386315185e+01 8.670278028641465085e+01
2.549754870339311026e+02 7.938120887627403022e+01 8.709613813271406002e+01
2.549756375521438088e+02 7.862911237259707775e+01 8.751542811680212708e+01
2.549713585343826594e+02 7.885622285296520317e+01 8.743169698533522194e+01
2.549779275792370754e+02 7.892463338063905098e+01 8.782759213864878234e+01
2.549792069840450779e+02 7.830546596138132998e+01 8.859551455726142422e+01
2.549747344428676001e+02 7.915028168408377951e+01 8.963068206252957282e+01
2.549765299101191260e+02 7.915558207543112701e+01 9.036334021416591611e+01
2.549771104803681112e+02 7.817388078957553432e+01 9.068834128929600524e+01
2.549767664387390766e+02 7.837466133402141111e+01 9.132783941856965271e+01
2.549744549090439989e+02 7.843295488754139910e+01 9.205061712467208679e+01
2.549758955833655989e+02 7.742521395088805036e+01 9.189751859975056902e+01
2.549743258934331038e+02 7.745804842385928168e+01 9.357939835720122801e+01
2.549707457102309434e+02 7.811256612050057413e+01 9.377570636046961283e+01
2.549729497269169656e+02 7.760631961467338158e+01 9.475138691781705802e+01
2.549743473960349149e+02 7.709492323571151928e+01 9.544567367651485768e+01
2.549763148841009865e+02 7.717341848363652446e+01 9.637093063260654446e+01
2.549696275749365668e+02 7.650970842471939193e+01 9.733343009504150700e+01
2.549685309422440014e+02 7.458061325420375454e+01 9.770296305853008789e+01
2.549625962241431125e+02 7.441899969896357447e+01 9.784229991829010942e+01
2.549684879370403792e+02 7.392752548058315654e+01 9.884870769363092791e+01
2.549722723949597878e+02 7.448352900700984947e+01 9.946532705457360635e+01
2.549675310712596286e+02 7.430909990108803242e+01 1.000169763041327968e+02
2.549676063303659816e+02 7.438652001892228327e+01 1.005862361845783397e+02
2.549700038704683323e+02 7.478166258117232701e+01 1.009741646239194921e+02
2.549742506343267507e+02 7.465780759471896033e+01 1.005988474605427285e+02
2.549778200662280199e+02 7.486704941297897165e+01 1.007137788672429366e+02
2.549730679912269409e+02 7.513578893046059193e+01 1.006613877779211350e+02
2.549684879370403792e+02 7.535292220358662973e+01 1.008819292134348302e+02
2.549749279662839285e+02 7.517880488539113060e+01 1.005262439255149900e+02
2.549762396249946335e+02 7.537462908011869445e+01 1.009716918247107884e+02
2.549709392336472717e+02 7.615783984862167699e+01 1.008045736034060127e+02
2.549682299058186175e+02 7.582634498774351073e+01 1.006821377886724349e+02
2.549729067217133149e+02 7.552885649163549431e+01 1.007857158216144171e+02
2.549734442867587063e+02 7.627398615232442580e+01 9.970988689631445823e+01
2.549684664344385681e+02 7.685141702145959641e+01 9.867966498946373122e+01
2.549738850900959051e+02 7.714899152797488568e+01 9.736930718616952163e+01
2.549740678622113137e+02 7.714670150088160483e+01 9.640562508063476344e+01
2.549787984346105816e+02 7.742851460026663801e+01 9.523012084462220628e+01
2.549780888487507013e+02 7.783138734786909652e+01 9.381690534554681449e+01
2.549721971358534347e+02 7.790108803165182394e+01 9.348202382488281614e+01
2.549780673461488902e+02 7.844116888143464905e+01 9.208050574119468479e+01
2.549706381972218594e+02 7.906622801358965091e+01 9.200117189179890431e+01
2.549780996000515927e+02 7.943229905818604664e+01 9.075876231023953267e+01
2.549769922160581359e+02 7.765366834386961159e+01 9.143676084806261883e+01
2.549798198081967939e+02 7.759735302971660076e+01 9.232060379305896447e+01
2.549820560787855470e+02 7.669015825914935647e+01 9.306993721240270645e+01
2.549737130692813878e+02 7.651768588999269127e+01 9.385715821614415688e+01
2.549746269298585162e+02 7.758047348729196813e+01 9.506166946200490031e+01
2.549776480454135026e+02 7.748594804971401118e+01 9.591608609641767202e+01
2.549783576312733828e+02 7.745816668816927120e+01 9.686766223713068769e+01
2.549764438997118532e+02 7.794069582419473363e+01 9.787960693243881849e+01
2.549638433750483841e+02 7.724604352126607409e+01 9.798906592697716178e+01
2.549704554251064508e+02 7.664445447899196040e+01 9.827456672257342518e+01
2.549714230421880927e+02 7.664414269126564250e+01 9.842621382187245160e+01
2.549706596998236705e+02 7.683538683180664464e+01 9.862655356298111542e+01
2.549760030963746544e+02 7.632314110007311569e+01 9.936798477615791114e+01
2.549732400120414582e+02 7.635305121919752480e+01 9.945672601384767120e+01
2.549728852191115038e+02 7.696887498387305016e+01 9.953440416290371218e+01
2.549758525781619483e+02 7.639645422096073446e+01 9.926407345288779993e+01
2.549714552960908236e+02 7.743578247968004291e+01 9.914899152797488568e+01
2.549745409194512433e+02 7.732313034877219593e+01 9.927491076420247396e+01
2.549712832752763063e+02 7.606042231109964291e+01 9.916538726185868313e+01
2.549668214853997199e+02 7.675281684083773825e+01 9.940900098911968996e+01
2.549777018019180446e+02 7.710593256784071059e+01 9.874849481787296668e+01
2.549789812067260186e+02 7.675650453704898268e+01 9.785573904442438220e+01
2.549757880703565149e+02 7.833923579753150079e+01 9.737894035178256047e+01
2.549737775770868211e+02 7.875966541951575550e+01 9.649083989162689079e+01
2.549770137186599470e+02 7.852326581516364001e+01 9.559279447813185016e+01
2.549756052982410779e+02 7.777485700769793198e+01 9.501317034361157710e+01
2.549700898808755767e+02 7.823035737324215688e+01 9.373547499247409576e+01
2.549744549090439989e+02 7.803810261041586216e+01 9.293759944953339414e+01
2.549748742097793865e+02 7.809338579968175509e+01 9.181400249430181759e+01
2.549720788715434594e+02 7.876930933642971411e+01 9.167420332860275778e+01
2.549788306885133125e+02 7.757918333118307430e+01 9.100848277641594564e+01
2.549725841826860915e+02 7.810181481959317296e+01 9.088240227067474564e+01
2.549704554251064508e+02 7.932346363910032494e+01 9.085733023695867416e+01
2.549808304304820865e+02 7.898615232443125933e+01 9.078631789446522760e+01
2.549743473960349149e+02 7.933133359136455454e+01 9.028826387992947389e+01
2.549700468756719545e+02 8.003761880187502697e+01 9.027853395260827085e+01
2.549755192878338335e+02 7.918046058573087009e+01 8.968141745151163491e+01
2.549779598331398063e+02 7.901045026448200304e+01 8.961175977293252970e+01
2.549762826301982557e+02 8.012637079086569258e+01 8.917435384681546395e+01
2.549760461015783051e+02 8.056970068378274163e+01 8.857193695437148051e+01
2.549751107383993372e+02 8.071092977250246747e+01 8.854088719735088375e+01
2.549727777061024483e+02 8.044115813013374350e+01 8.904819808196792508e+01
2.549794327613641371e+02 8.031534640691523919e+01 8.893308390315227996e+01
2.549810669591020655e+02 7.970647873392680083e+01 8.898501268653507168e+01
2.549710682492581668e+02 8.055213305810002566e+01 8.886900614974412349e+01
2.549724121618715742e+02 8.029513396120930224e+01 8.910151378316776061e+01
2.549761751171891717e+02 7.997603535027738531e+01 8.914128284522426782e+01
2.549769169569517828e+02 8.042727820066228617e+01 8.938431600223627527e+01
2.549791317249387248e+02 8.007811895239323974e+01 8.955584225691308120e+01
2.549761966197909828e+02 7.964505655184277089e+01 8.929831634627790038e+01
2.549764331484109618e+02 8.019831849653807865e+01 8.917485915795811025e+01
2.549761858684900915e+02 8.012542467638584753e+01 8.956199200103212377e+01
2.549762503762955248e+02 8.018015954930547196e+01 8.974135595407044264e+01
2.549717240786135051e+02 8.016674192577302449e+01 8.961389928181310438e+01
2.549825828925299902e+02 7.960569603922074577e+01 8.966522599234507140e+01
2.549788199372123927e+02 7.938839074528017647e+01 8.977632993592224864e+01
2.549772932524835483e+02 7.987318840579709445e+01 8.964580914290628755e+01
2.549754655313292915e+02 7.967963273556100035e+01 8.960101922332601987e+01
2.549775405324044186e+02 7.950507461402830245e+01 8.956898034662194164e+01
2.549799918290113112e+02 8.013356341117275861e+01 8.926188018750268327e+01
2.549790564658323717e+02 8.067030060637337385e+01 8.978543628779081587e+01
2.549748527071775754e+02 8.068150346191889355e+01 8.990715176536360786e+01
2.549773147550853594e+02 8.116382832322710783e+01 9.006637853180234288e+01
2.549738635874940940e+02 8.114379864963660793e+01 8.986927493226680497e+01
2.549711650109663310e+02 8.069790994710359655e+01 8.945470476927708603e+01
2.549772179933771952e+02 8.124419429750999200e+01 8.994768416978453729e+01
2.549717240786135051e+02 8.092867586978024974e+01 8.997216488195071804e+01
2.549809486947920618e+02 7.963159592310670121e+01 8.974541994581343829e+01
2.549727454521997174e+02 8.033020470476927244e+01 9.004584354706919669e+01
2.549708532232399989e+02 8.038902507203371783e+01 8.990613039177740973e+01
2.549793790048595952e+02 7.985998580828280069e+01 8.954433836494216337e+01
2.549744119038403767e+02 8.029229561776975288e+01 8.989644346965982891e+01
2.549754870339311026e+02 8.002966283920353874e+01 8.984683696727303470e+01
2.549764331484109618e+02 8.001276179417709500e+01 8.956884057971014101e+01
2.549809701973938729e+02 8.049308691351653522e+01 8.989319657678579745e+01
2.549776157915107717e+02 7.963334838515460490e+01 8.981537866081795585e+01
2.549804648862512408e+02 7.895877951232098724e+01 8.967326796542381828e+01
2.549765944179245594e+02 7.966874166774179855e+01 8.985563153141529824e+01
2.549765729153227483e+02 7.979212359695523560e+01 8.976498731346492832e+01
2.549830989549735420e+02 8.010912570421021428e+01 8.951625596697199683e+01
2.549820238248828161e+02 8.030732593643830342e+01 9.000860104072592094e+01
2.549809271921902507e+02 7.957669978067346506e+01 9.014387390874296102e+01
2.549769814647572446e+02 7.976280479938073142e+01 9.009563282157141373e+01
2.549773255063862791e+02 7.990439943233131714e+01 9.028879069367393129e+01
2.549833892400980631e+02 7.875306412075860862e+01 9.012067260138476854e+01
2.549809701973938729e+02 7.876922332602245547e+01 9.007659226766438110e+01
2.549767126822345631e+02 8.011199630155249451e+01 9.038268180449834688e+01
2.549757450651528927e+02 7.989813142390229928e+01 9.145733883799940145e+01
2.549799488238076890e+02 7.987318840579709445e+01 9.155093966369931024e+01
2.549794220100632174e+02 8.111627531931364388e+01 9.212901561088891356e+01
2.549813249903238273e+02 8.040981808798863995e+01 9.172160581430352977e+01
2.549796262847804655e+02 7.981192749322667623e+01 9.138649851632047216e+01
2.549763686406055001e+02 8.010211585601858530e+01 9.122946501526685381e+01
2.549768524491463495e+02 7.989775512837053384e+01 9.087144669505009631e+01
2.549848621683223655e+02 8.008836494215799462e+01 9.054076893304089424e+01
2.549779813357416174e+02 8.018408377413666699e+01 9.056848578678020090e+01
2.549705629381155063e+02 8.057852750182772184e+01 9.078816711822130969e+01
2.549797015438868186e+02 7.993765320603793612e+01 9.040029243538468506e+01
2.549824001204145816e+02 8.033749408678450266e+01 9.026882552788887892e+01
2.549807874252784643e+02 8.105201479379005036e+01 8.996944480282114398e+01
2.549768739517481606e+02 7.969579194082483298e+01 8.957736636132972308e+01
2.549666387132843113e+02 7.990846342407431280e+01 8.953345804842385292e+01
2.549789919580269100e+02 8.016630112243581152e+01 8.985220186642584395e+01
2.549824968821227458e+02 7.882924783898852183e+01 9.003318926590117144e+01
2.549792392379477803e+02 7.950064507805444691e+01 9.003492022534726402e+01
2.549781963617597853e+02 7.992539672300348741e+01 9.023990452844793708e+01
2.549801530985249087e+02 7.931502386788801573e+01 8.955712166172106947e+01
2.549780243409452680e+02 7.935779254289768403e+01 8.984154732722659276e+01
2.549804218810476186e+02 7.941010837311314674e+01 8.982810820109233418e+01
2.549821958456973334e+02 7.842918118092289603e+01 8.940142132197995295e+01
2.549777125532189359e+02 7.909226766438739276e+01 8.961279189781963339e+01
2.549774222680944433e+02 7.946081150819249217e+01 8.978372683094654860e+01
2.549833032296907902e+02 7.911158775211801242e+01 8.939686277039521656e+01
2.549843246032770026e+02 7.951002021244570983e+01 8.987955317593429072e+01
2.549816260267492396e+02 7.980931492710618613e+01 8.997254117748246927e+01
2.549790457145314519e+02 7.962473659312776419e+01 9.039120758611791473e+01
2.549756052982410779e+02 7.826718057885004498e+01 9.036568399776372473e+01
2.549820668300864384e+02 7.899758095729583829e+01 9.103021115554982146e+01
2.549830451984690285e+02 7.959418139594890818e+01 9.093412677934030341e+01
2.549709069797445409e+02 8.000843977121232342e+01 9.091826861050186892e+01
2.549730034834215076e+02 7.918795424246333425e+01 9.096498301294457178e+01
2.549735733023695730e+02 8.001838472455166595e+01 9.102742656861479986e+01
2.549698856061583569e+02 8.022517524620478468e+01 9.090175461230809617e+01
2.549801423472240174e+02 7.916693544918935288e+01 9.093182600094611701e+01
2.549777448071216668e+02 7.925212875757966913e+01 9.073954973551799696e+01
2.549707134563282125e+02 8.011697415387261856e+01 9.107665677546982863e+01
2.549807336687739223e+02 7.869581344342665830e+01 9.067636434008514357e+01
2.549810454565002260e+02 7.875120414570163518e+01 9.066150604223111031e+01
2.549756483034447285e+02 7.888067131122865305e+01 9.081042231109964291e+01
2.549862705887412346e+02 7.819008300004300338e+01 9.053490947404635847e+01
2.549771642368726532e+02 7.896852019094311004e+01 9.083147335827635516e+01
2.549825721412290989e+02 8.027775985894292887e+01 9.140431342192405850e+01
2.549861845783339902e+02 7.912537091988130555e+01 9.120271577860921752e+01
2.549869156667956815e+02 7.832904356427127368e+01 9.121444544789919462e+01
2.549856900184922495e+02 7.842963273556100035e+01 9.146725153743602732e+01
2.549835290070098495e+02 7.768701887928439476e+01 9.131483034447168734e+01
2.549813034877220161e+02 7.788328387734915736e+01 9.130391777405066023e+01
2.549867436459811643e+02 8.061243710488969327e+01 9.213493957768889686e+01
2.549809809486947927e+02 8.129475766567755102e+01 9.142541822560529852e+01
2.549824001204145816e+02 8.108309680471336378e+01 9.134664344385670631e+01
2.549780565948479705e+02 8.099588225175246237e+01 9.263433750483808637e+01
2.549809486947920618e+02 7.960420160839461801e+01 9.352756633552660048e+01
2.549857760288994939e+02 7.795733883799940145e+01 9.485508321506902973e+01
2.549801961037285594e+02 7.815816238764890045e+01 9.640532404420935109e+01
2.549807444200748421e+02 7.797931449705414764e+01 9.680325119339440221e+01
2.549786156624951730e+02 7.851573990452844498e+01 9.816560228787683684e+01
2.549762503762955248e+02 7.963711134047220241e+01 9.961937169397496916e+01
2.549808411817830063e+02 7.821035995355437365e+01 1.007843074011955480e+02
2.549815722702446976e+02 7.718490087300563118e+01 1.012249817227884563e+02
2.549750892357975260e+02 7.848876489055176364e+01 1.016088139164838964e+02
2.549736055562723038e+02 7.875622500322539565e+01 1.023565238893906155e+02
2.549630477787812310e+02 7.949105491764503029e+01 1.032494301810519062e+02
2.549706919537264014e+02 7.964142261213606844e+01 1.035115468971745543e+02
2.549789166989205569e+02 7.753710273943147513e+01 1.033611039435771772e+02
2.549770244699608668e+02 7.528780157399044981e+01 1.036669354491893529e+02
2.549811959747129322e+02 7.509517051563238965e+01 1.034947856190599111e+02
2.549770674751644890e+02 7.410686793101965009e+01 1.033233023695867132e+02
2.549808519330838976e+02 7.412906936739345554e+01 1.032307336687739223e+02
2.549782178643615964e+02 7.554083344084634177e+01 1.044364920655399374e+02
2.549804863888530519e+02 7.597001462176923781e+01 1.048775749365673278e+02
2.549824861308218260e+02 7.601875026878252584e+01 1.048147120801616978e+02
2.549788306885133125e+02 7.723843160022362042e+01 1.053279039263750860e+02
2.549772394959790063e+02 7.690564658323657454e+01 1.052447318625553692e+02
2.549747774480712224e+02 7.727023394830774805e+01 1.042468928740377550e+02
2.549747344428676001e+02 7.825292435384682221e+01 1.048136584526727688e+02
2.549786909216015260e+02 7.736793101965338337e+01 1.045223627058874172e+02
2.549809701973938729e+02 7.794518986797402249e+01 1.045789145486603928e+02
2.549752612566120433e+02 7.725565518427730183e+01 1.043649959145056556e+02
2.549736808153786569e+02 7.709045069453404153e+01 1.044283425794521207e+02
2.549702941555928248e+02 7.775455855158473639e+01 1.046794607147464831e+02
2.549705951920182372e+02 7.903549004429535785e+01 1.039637788672429366e+02
2.549732400120414582e+02 7.906919537264009534e+01 1.030531866855889547e+02
2.549740141057068001e+02 7.732724809701973356e+01 1.017838450952565239e+02
2.549687782221648717e+02 7.796480024082913474e+01 1.008944544789919604e+02
2.549737775770868211e+02 7.659392336472713225e+01 9.962274760245989569e+01
2.549783576312733828e+02 7.554300520362963312e+01 9.850670881176621663e+01
2.549808089278802754e+02 7.582513009074098420e+01 9.791595708080677696e+01
2.549851417021459667e+02 7.606850728938201200e+01 9.722098223885089396e+01
2.549786909216015260e+02 7.719583494602846940e+01 9.694431901260053053e+01
2.549720788715434594e+02 7.842182729110221828e+01 9.627657721584311901e+01
2.549772932524835483e+02 7.941881692684815164e+01 9.567398830258461828e+01
2.549831097062744618e+02 7.794823248613082001e+01 9.467424633380639420e+01
2.549876897604610235e+02 7.710940523803380131e+01 9.353702748032512204e+01
2.549785404033888199e+02 7.805749795725282070e+01 9.285535199759171121e+01
2.549841525824624853e+02 7.802517954672515543e+01 9.197325076334236371e+01
2.549657463553089940e+02 7.961905990624865126e+01 9.225450479508020862e+01
2.549857975315013050e+02 8.168898636735045216e+01 9.231083086053412501e+01
2.549843998623833556e+02 8.019090009891196758e+01 9.092457962413452321e+01
2.549879155377800828e+02 7.798868963144541055e+01 8.999138820797315930e+01
2.549907108760160099e+02 7.762254332774266175e+01 8.943673934546080773e+01
2.549837117791252865e+02 7.764252999612952522e+01 8.951914806691610238e+01
2.549873242162301779e+02 7.817548273341074605e+01 8.967495591966627444e+01
2.549848836709241766e+02 7.954539199243107817e+01 9.109362232830171990e+01
2.549771964907753841e+02 8.095962886509268230e+01 9.213669203973681476e+01
2.549806476583666495e+02 8.157252827592138544e+01 9.330949769922160897e+01
2.549775297811035273e+02 8.073099169999569824e+01 9.323383004343526181e+01
2.549819485657764631e+02 8.061103943577172970e+01 9.373844235152454019e+01
2.549802928654367236e+02 8.034545004945599089e+01 9.466389283103255536e+01
2.549739280952995273e+02 8.056798047563755460e+01 9.470986539371263291e+01
2.549802928654367236e+02 8.055605728293123491e+01 9.447276695480152853e+01
