2.448668003006765161e+02 3.674938611876722661e+01 4.105174977031654748e+01
2.459254823352543156e+02 3.304125950054288552e+01 1.239431387288064883e+02
2.458312536540549615e+02 4.929058715443080274e+01 1.307814749853837668e+02
2.459723043514574385e+02 6.379041175979286749e+01 1.367063893760962117e+02
2.459146913889584880e+02 6.294477574542720788e+01 1.372560260586319316e+02
2.446751524262924988e+02 5.899328489100476247e+01 1.330008519168128203e+02
2.461115843982293541e+02 6.587214566107074631e+01 1.394775578384698917e+02
2.478874300509479554e+02 7.143431053203039482e+01 1.458512820512820554e+02
2.480381692140649932e+02 7.135970934602856630e+01 1.458585985133216525e+02
2.477586903867034209e+02 7.059913137893593671e+01 1.445613630669005261e+02
2.477972772070492056e+02 7.165622650964670015e+01 1.453848826526350990e+02
2.480667167794203749e+02 7.237126868788107004e+01 1.464016704251231999e+02
2.481158940950471958e+02 7.359440407583730348e+01 1.451297419193184624e+02
2.481285392132297716e+02 7.416523845318633335e+01 1.429502046270775963e+02
2.481361396475402898e+02 7.442659316796124358e+01 1.412827528606030114e+02
2.482550070993067663e+02 7.454106740165372003e+01 1.392822851415685363e+02
2.482792950805980183e+02 7.568898354631254222e+01 1.373782009521423220e+02
2.483349870542052997e+02 7.607266349285893625e+01 1.353527937860185375e+02
2.484592165706172295e+02 7.579625824772404030e+01 1.332862440491105076e+02
2.484650797627996326e+02 7.578603524597009766e+01 1.321199699323477716e+02
2.484790278125782947e+02 7.719559007767476544e+01 1.303858682034577896e+02
2.484908377181992876e+02 7.766873799381943400e+01 1.285871377265514184e+02
2.486173390127787570e+02 7.777526100392549324e+01 1.272698738829031981e+02
2.486392382861438364e+02 7.811058214315542614e+01 1.256757036665831464e+02
2.486237868537542681e+02 7.942435479829616440e+01 1.246779921490019234e+02
2.488235529942370192e+02 7.986593167961245854e+01 1.234845402154848415e+02
2.489292742002839702e+02 7.991024805813079013e+01 1.219204543556335096e+02
2.489129040340766608e+02 8.021254489267518295e+01 1.208224672179069614e+02
2.489698655307775823e+02 8.071784849244131976e+01 1.193521256159692712e+02
2.490556251566023604e+02 8.078966006848743575e+01 1.184064478409755310e+02
2.490977198697068502e+02 8.103115342854756875e+01 1.167789359391965291e+02
2.491162949970767500e+02 8.230089367744091078e+01 1.167021464962833051e+02
2.490672847239622456e+02 8.248555917480999256e+01 1.155166958991063240e+02
2.491346028564269659e+02 8.264799131378936181e+01 1.146951307107658948e+02
2.492189593251482620e+02 8.273617305604275884e+01 1.126310866115426421e+02
2.492378351290403486e+02 8.292306021882569667e+01 1.121201202706088651e+02
2.492201453269857154e+02 8.281810740833542184e+01 1.110984548567610517e+02
2.494890169548150141e+02 8.310418441493359865e+01 1.098824855925833077e+02
2.490174392382861299e+02 8.347207884406581968e+01 1.075918316211475769e+02
2.493339513906289255e+02 8.354554414098387838e+01 1.078158189259166448e+02
2.494669840474400644e+02 8.273094462540716165e+01 1.061997327319802906e+02
2.490195439739413814e+02 8.300783429382778422e+01 1.048635596759375233e+02
2.490264428297001587e+02 8.312608368829867800e+01 1.043298755533283213e+02
2.492691723043514571e+02 8.249568195105653956e+01 1.036811826609872185e+02
2.492656644115927520e+02 8.241675436398563193e+01 1.021652551574375707e+02
2.491079762799632533e+02 8.422278459868036293e+01 1.020610874467551952e+02
2.492724463375929247e+02 8.449965756284974816e+01 1.018361312954146882e+02
2.494016871293744373e+02 8.395212561596926548e+01 1.006639772822183261e+02
2.493426041927670553e+02 8.451761463292407939e+01 9.974216988223503222e+01
2.492114090035914273e+02 8.496411926835379802e+01 1.000275954230351658e+02
2.493955232606698473e+02 8.429379437066732805e+01 9.920435980957154243e+01
2.493304100893677457e+02 8.403215568362148247e+01 9.775326150505303247e+01
2.493030986386035295e+02 8.468206798630251342e+01 9.761698822350288651e+01
2.493063225590912850e+02 8.474977031654556470e+01 9.696346780255575482e+01
2.495118516662490720e+02 8.437806731813246586e+01 9.643748433976446677e+01
2.493918316211475883e+02 8.438058966006848038e+01 9.606053620646454760e+01
2.493047022467218028e+02 8.496071160110247433e+01 9.605898271109997211e+01
2.493809738578468114e+02 8.488031403992316370e+01 9.559978284473397991e+01
2.495482168211810006e+02 8.463684957821764954e+01 9.513493694145159907e+01
2.493992483086945526e+02 8.488814833375093372e+01 9.497579553996492052e+01
2.494362649294245386e+02 8.584775745427211291e+01 9.490401737242127922e+01
2.495999832957487570e+02 8.581702163200534983e+01 9.492002004510148083e+01
2.495382610874467559e+02 8.526897185333668006e+01 9.418825691138394518e+01
2.494252568278626825e+02 8.554232022049612283e+01 9.379026142153178114e+01
2.494260252234193729e+02 8.507871043180489323e+01 9.324199448759709696e+01
2.494123277374091572e+02 8.430540382527352961e+01 9.225208385534118349e+01
2.493182660987221198e+02 8.429250814332247899e+01 9.139012778752191934e+01
2.491851332164035853e+02 8.483564687212896160e+01 9.167024137643029746e+01
2.492820178735488241e+02 8.465697820095213899e+01 9.150787605445586337e+01
2.493522091372254295e+02 8.470608869957403897e+01 9.166584815835629740e+01
2.491998830702413841e+02 8.615920821849159950e+01 9.167144408251900245e+01
2.492361647039171544e+02 8.612239204877641896e+01 9.177175311116678813e+01
2.494815501545143377e+02 8.575710348283638496e+01 9.136169715192517060e+01
2.494207800885325241e+02 8.580130293159609778e+01 9.080417606280798282e+01
2.494302012862273443e+02 8.611041510064310955e+01 9.113545477323978616e+01
2.494369163952225961e+02 8.588251900108578241e+01 9.101269523093627356e+01
2.494885492357805106e+02 8.568766391046521846e+01 9.058966006848743291e+01
2.494233525432222507e+02 8.607892758707090763e+01 9.091596091205211394e+01
2.494239538962665961e+02 8.650984715610123033e+01 9.115780506138811745e+01
2.494888165038002228e+02 8.647104318048943128e+01 9.118783930510315372e+01
2.495357387455107414e+02 8.646437818424789157e+01 9.100591330493610087e+01
2.494476572287647116e+02 8.678957654723127746e+01 9.104703917146913739e+01
2.494451348868286971e+02 8.671716361814081608e+01 9.064874300509480065e+01
2.494340599682619199e+02 8.643970600517832281e+01 9.090585484005679007e+01
2.493556168044767389e+02 8.586693393468637225e+01 9.001130877808402886e+01
2.493270692391213572e+02 8.572125615969264345e+01 9.022864779086278020e+01
2.492679528940115290e+02 8.538242712770400544e+01 9.002213313288231689e+01
2.492882819677607813e+02 8.501130877808402886e+01 8.943703332498120062e+01
2.491950221331328805e+02 8.523629833792699628e+01 8.926872128956819097e+01
2.493521924329741921e+02 8.609666750187922446e+01 9.032015367911132842e+01
2.494711434059968269e+02 8.607278042261755502e+01 9.048910047607115814e+01
2.493822433809404515e+02 8.576346780255575197e+01 9.031328823185501165e+01
2.493376597344023935e+02 8.583639856343440044e+01 8.981461621982793986e+01
2.492870124446671696e+02 8.525128205128204684e+01 8.954554414098387838e+01
2.493237617973774434e+02 8.553492023720036741e+01 8.954644617055041067e+01
2.492712770400066802e+02 8.502823018458197168e+01 8.945916645786353172e+01
2.492055458114089959e+02 8.508816503800217390e+01 8.930206297502714108e+01
2.492485592583312553e+02 8.538010523678276797e+01 8.956687546980707282e+01
2.493726050279796311e+02 8.519318466549736968e+01 8.973655725382110404e+01
2.492858264428296877e+02 8.542739497202038024e+01 8.974078342938277331e+01
2.492814332247556877e+02 8.548377181992816531e+01 8.935319468804810583e+01
2.492615217572872268e+02 8.519006097051699555e+01 8.971283721707175118e+01
2.492254572788774851e+02 8.495543305771319353e+01 8.913121189342687956e+01
2.491498037250480309e+02 8.522458865781341331e+01 8.912745343689968536e+01
2.492256744341434853e+02 8.524206130460201791e+01 8.873730894512652867e+01
2.492167376597344060e+02 8.487373256493778229e+01 8.817616303349201701e+01
2.491049695147414980e+02 8.458994404075836826e+01 8.745589242462206414e+01
2.490342938277791802e+02 8.445940031738076925e+01 8.762221665413848370e+01
2.490972855591748214e+02 8.429324313037668048e+01 8.750069322642612235e+01
2.490250897853503602e+02 8.418643614799967168e+01 8.698820679863024452e+01
2.490180572955817127e+02 8.456936440324062687e+01 8.727273030986386004e+01
2.491116345109830377e+02 8.556488766391046852e+01 8.787276371836632904e+01
2.491995322809655136e+02 8.547341518416436656e+01 8.783125365405496154e+01
2.492016704251231829e+02 8.556383529608285698e+01 8.805450597176981375e+01
2.492360811826609961e+02 8.615230936273282225e+01 8.863245636014364948e+01
2.493333500375845517e+02 8.595207550321556766e+01 8.853749269189007975e+01
2.493641693811075015e+02 8.567191180155349173e+01 8.833725883237283938e+01
2.492794621231103349e+02 8.580551240290654391e+01 8.839983295748767489e+01
2.491770483588073262e+02 8.579971602772906181e+01 8.844830869456276901e+01
2.492332247557003200e+02 8.556528856594003685e+01 8.834362315209220640e+01
2.494475737075085533e+02 8.579677607951224161e+01 8.860145326985717418e+01
2.494825858180907119e+02 8.638316211475820694e+01 8.887391631170132200e+01
2.495680781758957778e+02 8.666257412511484404e+01 8.886237367410005561e+01
2.496938277791697942e+02 8.630734151841643609e+01 8.845512402906540217e+01
2.496453854505971890e+02 8.662041259500543333e+01 8.864595339513905969e+01
2.495591748099891447e+02 8.688101561847490473e+01 8.885684456694228572e+01
2.495519251649544685e+02 8.642179904785767519e+01 8.879077925331996823e+01
2.494690887830952875e+02 8.587393301595255934e+01 8.783155433057713424e+01
2.494482585818090570e+02 8.591223586402739443e+01 8.828779754447506889e+01
2.495031320471059928e+02 8.631256994905203328e+01 8.885445585901611310e+01
2.495587070909546412e+02 8.604760711601102230e+01 8.878700409254155090e+01
2.494276288315376178e+02 8.561312954146829668e+01 8.822726133801052129e+01
2.493068403908794721e+02 8.583117013279880325e+01 8.857947047523595074e+01
2.492909379437066661e+02 8.600121941033992812e+01 8.860982209972438284e+01
2.493563517915309546e+02 8.551362231687964766e+01 8.806788607700660521e+01
2.491511734736490382e+02 8.565273532113923238e+01 8.804673849494696469e+01
2.492006013530443624e+02 8.603594754865113714e+01 8.838623569698488325e+01
2.493566357638018758e+02 8.614946964002338348e+01 8.882714440825189683e+01
2.492660653136223061e+02 8.585754614549402675e+01 8.857320638102396515e+01
2.492892675185834719e+02 8.627760795122358672e+01 8.873750939614131994e+01
2.493418859099640770e+02 8.636276622400400527e+01 8.877507725716195353e+01
2.494753695815585104e+02 8.625211726384364397e+01 8.889110498621899126e+01
2.493894095047189410e+02 8.642535705337007812e+01 8.869573206381024022e+01
2.494189760293994880e+02 8.668622734485926173e+01 8.834470892842227840e+01
2.494587989643364097e+02 8.669016954815000986e+01 8.831419026142152973e+01
2.494217823436064521e+02 8.646957320638102829e+01 8.782225006264094702e+01
2.493889417856844659e+02 8.662303516244884349e+01 8.803539630836047536e+01
2.493418692057128681e+02 8.676714273782677367e+01 8.857128539213229601e+01
2.493191180155349400e+02 8.606208970182910889e+01 8.842630919569030823e+01
2.492153345026309239e+02 8.564067485174976468e+01 8.786504635429716359e+01
2.491459951557671388e+02 8.551387288064812253e+01 8.822717781675436299e+01
2.492393051031487516e+02 8.583745093126201198e+01 8.833071076588991843e+01
2.492427127704000611e+02 8.580611375595088930e+01 8.845407166123779064e+01
2.491897435897435855e+02 8.606708427294746855e+01 8.838690386703416380e+01
2.492314708093209674e+02 8.629491355549987475e+01 8.854778251064895755e+01
2.493142403741752275e+02 8.612887329825440474e+01 8.890354965338678994e+01
2.493097636348450692e+02 8.577758289484674492e+01 8.879069573206380994e+01
2.491271861688799731e+02 8.587182828029733628e+01 8.869255825607616828e+01
2.491010440157020014e+02 8.584005679445418480e+01 8.840380856928088349e+01
2.491631671260335850e+02 8.558528355466465598e+01 8.876859600768395353e+01
2.491822099724379882e+02 8.604516829533116606e+01 8.881760628079845787e+01
2.492522174893510396e+02 8.655494863442746123e+01 8.915650212979203104e+01
2.493467301428213432e+02 8.684927754113421372e+01 8.939012778752191934e+01
2.493150421782343642e+02 8.673600601353044226e+01 8.906327570366657653e+01
2.493347698989392711e+02 8.674627912803808272e+01 8.964294662991731855e+01
2.493174475904117458e+02 8.683324145995155163e+01 8.983639856343440044e+01
2.493026476238202633e+02 8.646673348367158951e+01 8.878261087446755084e+01
2.492402739497202049e+02 8.637071744759040826e+01 8.932706923912135721e+01
2.492276455357888665e+02 8.669026977365739128e+01 8.946130460202121526e+01
2.492323561346362624e+02 8.673246471226927667e+01 8.953837801720537470e+01
2.492254572788774851e+02 8.615269356051115324e+01 8.965395473147916050e+01
2.491261505053035989e+02 8.594674684707257484e+01 8.891596091205211394e+01
2.490811325482335121e+02 8.597267184498454640e+01 8.860870291489183614e+01
2.491389292574960450e+02 8.607102647623820246e+01 8.855474818341268417e+01
2.491732899022801178e+02 8.612128956819510961e+01 8.849785350371669779e+01
2.491482669339346785e+02 8.646168879979954625e+01 8.841364737325649514e+01
2.493567025808068252e+02 8.704473398479913726e+01 8.824969514741501087e+01
2.494434811659567401e+02 8.713002589158941191e+01 8.826815334502630606e+01
2.494096383529608261e+02 8.707807567025808737e+01 8.746770233024304275e+01
2.493256660820178752e+02 8.703148751357220192e+01 8.756670842729474202e+01
2.492913221414850113e+02 8.685206715108995468e+01 8.732930760878643639e+01
2.492144491773156290e+02 8.644827528606030853e+01 8.650854422450512970e+01
2.491262173223085199e+02 8.652255909128872702e+01 8.613755950889500923e+01
2.491197360728305341e+02 8.656462039589075630e+01 8.636405245134886854e+01
2.492453019293410250e+02 8.655937526100392176e+01 8.643892090537042350e+01
2.492117096801135858e+02 8.656827862691055486e+01 8.655506556418608000e+01
2.492620562933266513e+02 8.675920821849160802e+01 8.759373590578802293e+01
2.492934602856427091e+02 8.686992399565689027e+01 8.787555332832205579e+01
2.493091789860519611e+02 8.684299674267100499e+01 8.771378935939196708e+01
2.492307358222667801e+02 8.665310281466632603e+01 8.771970266432806795e+01
2.492096216487096001e+02 8.634302179904786101e+01 8.781423202204960887e+01
2.491966424455023912e+02 8.608398897519418824e+01 8.787902781257830043e+01
2.491630669005261893e+02 8.490937943706673252e+01 8.709688465714523886e+01
2.490530025891589503e+02 8.507032489768646144e+01 8.771836632422952107e+01
2.490891505888248503e+02 8.605965088114925265e+01 8.883624822517330699e+01
2.491882402071327078e+02 8.618952643447757112e+01 8.887087613797712038e+01
2.491598763885408800e+02 8.637918650296499834e+01 8.923020128622734148e+01
2.491843648208468949e+02 8.644324730643948840e+01 8.986726801971101963e+01
2.492615050530359895e+02 8.640278960995573243e+01 8.999485509062056110e+01
2.492503132047106078e+02 8.626340933767643548e+01 8.994938611876722234e+01
2.491008101561847354e+02 8.636006013530443681e+01 8.994861772321056037e+01
2.491590077674768224e+02 8.612954146830368529e+01 9.025584231186836348e+01
2.490939948216821165e+02 8.617534452518165722e+01 9.052227511901779167e+01
2.491225924997912102e+02 8.619605779670926893e+01 9.073319969932347817e+01
2.491372421281216134e+02 8.628375511567693934e+01 9.104409922325231719e+01
2.491526935605111532e+02 8.639642529023636541e+01 9.117711517581224712e+01
2.491861020629750385e+02 8.639806230685709920e+01 9.148651131713020845e+01
2.491734068320387507e+02 8.662026225674433988e+01 9.133974776580639343e+01
2.492405913304936007e+02 8.660076839555667050e+01 9.148028063142069755e+01
2.491949720203791969e+02 8.650847740750020876e+01 9.200865280213814401e+01
2.490616386870458427e+02 8.507779169798713781e+01 9.120237200367493813e+01
2.490240875302764607e+02 8.464927754113422509e+01 9.078446504635429903e+01
2.489952559926501294e+02 8.434611208552576045e+01 9.100420947131044613e+01
2.489957571201870792e+02 8.436315042178235046e+01 9.137987137726551623e+01
2.489420028397227043e+02 8.433545477323978901e+01 9.100616386870458996e+01
2.489319134719786177e+02 8.438022216654138674e+01 9.083108661154263075e+01
2.489225256827862722e+02 8.460387538628580728e+01 9.085094796625740798e+01
2.490246554748183314e+02 8.480920404242880295e+01 9.128317046688381708e+01
2.490126785266850504e+02 8.490755867368245902e+01 9.157995489852167736e+01
2.490756702580806916e+02 8.491537626325900590e+01 9.113822767894428978e+01
2.490957654723127064e+02 8.478966006848743575e+01 9.134886828697904093e+01
2.490926751858347927e+02 8.485530777582894757e+01 9.027844316378518386e+01
2.490894178568445625e+02 8.504944458364653315e+01 9.006701745594253339e+01
2.490379854673014393e+02 8.497278877474316516e+01 9.014016537208719626e+01
2.490263426041927630e+02 8.493797711517581206e+01 9.008246888833208743e+01
2.490534703081934254e+02 8.497070074333917944e+01 9.024997911968596043e+01
2.490466382694395691e+02 8.524304685542470850e+01 8.999739413680781297e+01
2.490533199699323461e+02 8.532635095631837885e+01 8.975583395974275902e+01
2.489515743756786037e+02 8.535020462707758782e+01 8.992279295080598445e+01
2.490210807650547054e+02 8.534921907625491144e+01 8.965577549486344822e+01
2.488701912636766167e+02 8.532468053119518459e+01 8.925998496617388867e+01
2.488601854171886885e+02 8.480449344358139285e+01 8.935170800968846549e+01
2.488721456610707321e+02 8.451494195272697141e+01 8.932924079178151544e+01
2.488670007516913074e+02 8.472812160694897443e+01 8.920599682619226201e+01
2.488797962081349624e+02 8.489598262757871794e+01 8.977774993735906151e+01
2.489301261170967905e+02 8.510785935020462034e+01 8.959398646955649781e+01
2.490160527854338852e+02 8.528960160360811926e+01 9.007521924329742546e+01
2.490031069907291510e+02 8.562278459868036862e+01 9.003743422701077748e+01
2.489618307859350068e+02 8.542432138979370393e+01 8.970087697318967912e+01
2.489732397895264455e+02 8.519781174308862148e+01 8.925428881650380220e+01
2.489041844149336100e+02 8.489688465714525023e+01 8.890466883821932242e+01
2.488476071160110337e+02 8.471789860519501758e+01 8.885911634510982537e+01
2.488351624488432208e+02 8.485348701244467406e+01 8.862896517163618171e+01
2.489500876973189634e+02 8.507234611208552622e+01 8.928235195857345730e+01
2.489295247640524451e+02 8.525636014365656479e+01 8.966043598095716050e+01
2.489438904201119271e+02 8.541154263760127208e+01 8.992558256076171119e+01
2.490341768980205472e+02 8.554734820011692875e+01 9.011125031320470669e+01
2.490701912636766053e+02 8.563910465213396606e+01 9.026994069990813330e+01
2.491060552910715842e+02 8.585402154848408429e+01 9.046943957237117218e+01
2.490936774409087207e+02 8.610385032990896548e+01 9.078802305186670196e+01
2.491173306606531241e+02 8.597870207967928025e+01 9.040213814415768923e+01
2.490380021715526482e+02 8.552940783429383487e+01 8.976308360477742099e+01
2.489061054038252792e+02 8.499495531612795673e+01 8.967777499373590899e+01
2.488409922325231776e+02 8.434153512068822067e+01 8.937962081349704135e+01
2.488311033157938823e+02 8.449546479579052516e+01 8.945146579804560361e+01
2.490137977115175829e+02 8.494205295247640208e+01 8.976400233859517641e+01
2.490514657980455979e+02 8.547127704000668302e+01 8.998625240123611491e+01
2.491769648375511679e+02 8.547655558339597803e+01 8.991676271611125060e+01
2.492506974024889246e+02 8.565485676104569279e+01 9.044262924914390567e+01
2.492126284139313555e+02 8.551941869205712976e+01 9.020404242879813239e+01
2.491401486678359731e+02 8.552997577883571978e+01 8.979851332164035682e+01
2.490899858013864616e+02 8.517070074333918228e+01 8.986918900860268877e+01
2.490044767393301584e+02 8.513248141652050549e+01 8.944772404576964675e+01
2.488974860101895956e+02 8.515127369915643385e+01 8.928073164620396085e+01
2.489435062223335819e+02 8.504815835630168408e+01 8.946459533951390597e+01
2.490269606614883457e+02 8.524608702914892433e+01 8.961127536958156270e+01
2.490465380439321734e+02 8.544668838219327256e+01 8.982291823269021336e+01
2.490523511233608929e+02 8.575357888582644250e+01 9.005362064645451881e+01
2.490574125114841593e+02 8.544134302179904239e+01 8.951203541301261168e+01
2.489708009688465609e+02 8.541675436398563193e+01 8.959660903699992218e+01
2.490089534786603167e+02 8.520446003507892385e+01 8.935820596341768862e+01
2.489843314123444316e+02 8.491241961079094835e+01 8.941389793702497002e+01
2.489614131796542154e+02 8.464855925833124672e+01 8.929663409337676683e+01
2.489254656310030782e+02 8.475974275453103246e+01 8.937060051783178949e+01
2.489458615217572799e+02 8.484598680364152301e+01 8.926230685709512613e+01
2.489665580890336685e+02 8.491823269021966780e+01 8.903285726217322349e+01
2.489786185584231077e+02 8.524191096634093867e+01 8.936981541802389017e+01
2.489902280130293093e+02 8.518877474317213228e+01 8.890876137977114979e+01
2.490023552994236979e+02 8.523409337676439179e+01 8.910907876054456267e+01
2.490553578885826482e+02 8.516931429048692337e+01 8.934816670842729991e+01
2.489399148083187185e+02 8.515957571201870735e+01 8.936934769898938669e+01
2.489119518917564449e+02 8.513690804309696603e+01 8.934069990812662354e+01
2.489933182995072229e+02 8.520446003507892385e+01 8.932219159776163053e+01
2.489789693476989783e+02 8.534171886745176039e+01 8.921139229934017578e+01
2.489915977616303451e+02 8.546349285893259662e+01 8.908525849828781418e+01
2.490667334836715838e+02 8.562742838052284355e+01 8.894809989142237328e+01
2.489875720370834244e+02 8.565148250229682958e+01 8.900537876889669064e+01
2.489966424455023741e+02 8.546158857429215061e+01 8.882340265597593998e+01
2.490114758205963312e+02 8.501909295915810105e+01 8.899764470057630206e+01
2.489056543890420130e+02 8.451156769397812241e+01 8.891876722625907803e+01
2.488127787521924290e+02 8.433964754029901201e+01 8.864189426208970701e+01
2.488110081015618391e+02 8.428345443915476665e+01 8.836567276371836499e+01
2.488489768646120410e+02 8.440968846571452389e+01 8.869865530777582308e+01
2.489269857178651932e+02 8.469093794370667183e+01 8.892676856259917884e+01
2.489812244216153090e+02 8.479647540299005470e+01 8.895030485258497777e+01
2.490656477073415260e+02 8.490712436315041600e+01 8.877724880982209754e+01
2.489979119685960143e+02 8.486536373507057363e+01 8.887440073498704862e+01
2.489882067986302445e+02 8.479943205545811225e+01 8.859998329574877118e+01
2.490361479996659284e+02 8.463686628246888688e+01 8.878935939196524885e+01
2.490508477407500152e+02 8.464511818257746256e+01 8.867022467217907433e+01
2.489881232773740862e+02 8.478458197611291780e+01 8.960344107575377848e+01
2.489990144491773094e+02 8.480347448425624179e+01 8.896604025724546716e+01
2.489872045435563450e+02 8.512377850162866366e+01 8.910114424120938281e+01
2.489832456360143738e+02 8.486664996241543690e+01 8.888998580138645877e+01
2.490594003173807778e+02 8.511422366992400157e+01 8.920997243798547061e+01
2.491030151173473541e+02 8.517248809822099531e+01 8.919447089284223296e+01
2.490644115927503606e+02 8.493836131295414305e+01 8.910702413764302321e+01
2.489866031905119712e+02 8.488594337258832923e+01 8.919700993902948483e+01
2.489452601687129345e+02 8.398820679863024452e+01 8.850144491773156119e+01
2.488540382527353074e+02 8.372962498955983790e+01 8.847902781257829474e+01
2.488084523511233499e+02 8.372344441660402481e+01 8.879999999999999716e+01
2.487690136139647450e+02 8.382027896099558006e+01 8.836582310197945844e+01
2.488557921991146884e+02 8.406681700492775633e+01 8.834706422784599056e+01
2.488383696650797674e+02 8.509330994738161280e+01 8.917143573039338378e+01
2.489078092374509197e+02 8.506192265931679231e+01 8.859457111834962006e+01
2.489281884239538840e+02 8.515458114090036190e+01 8.817927002422116800e+01
2.488835713689133797e+02 8.504591998663660490e+01 8.765784682201619660e+01
2.489571702998413230e+02 8.485335337843481796e+01 8.700609705169965480e+01
2.489619811241961145e+02 8.501763968930092119e+01 8.689850496951474668e+01
2.490401236114591086e+02 8.529994153512069488e+01 8.659617472646787917e+01
2.490994571118349654e+02 8.532803808569281045e+01 8.687665580890336514e+01
2.490701411509229217e+02 8.535389626659984685e+01 8.628246888833207606e+01
2.490356301678777129e+02 8.552265931679612265e+01 8.631626158857429232e+01
2.491493025975110527e+02 8.554318884156018044e+01 8.638509980790111342e+01
2.492384197778334567e+02 8.589183997327319275e+01 8.700653136223168360e+01
2.491728221832456427e+02 8.554539380272279914e+01 8.711378935939195856e+01
2.490699239956568931e+02 8.537318967677273918e+01 8.659834627912803739e+01
2.489815418023887048e+02 8.486918900860268877e+01 8.703269021966090691e+01
2.490621064060803462e+02 8.434736490436816325e+01 8.662393719201536157e+01
2.490457362398730368e+02 8.438321222751190476e+01 8.633887914474233582e+01
2.489861187672262588e+02 8.453179654221999328e+01 8.650699072914056842e+01
2.489896433642362013e+02 8.497502714440825855e+01 8.704216153010941071e+01
2.490201620312369357e+02 8.480273949720204030e+01 8.701175979286728079e+01
2.491216737659734406e+02 8.483197193685792570e+01 8.717405829783679394e+01
2.490712436315042169e+02 8.491971936857930814e+01 8.737908627745761692e+01
2.491010941284556850e+02 8.497805061388123704e+01 8.762128121606949094e+01
2.490552409588240153e+02 8.455058882485592164e+01 8.707901110832706593e+01
2.489478326234026611e+02 8.473877891923494587e+01 8.692603357554497734e+01
2.489828948467385032e+02 8.485540800133634320e+01 8.712022049611626073e+01
2.491114507642194837e+02 8.483848659483838617e+01 8.740609705169966048e+01
2.491094295498204190e+02 8.513537125198362787e+01 8.805086444500125253e+01
2.490542721122525620e+02 8.529148918399732793e+01 8.793336674183579760e+01
2.491273866198947644e+02 8.544094211976948827e+01 8.813283220579637600e+01
2.492096884657145210e+02 8.528677858514991783e+01 8.792613380105237297e+01
2.491324981207717428e+02 8.554556084523511572e+01 8.820422617556168632e+01
2.490699741084105767e+02 8.568898354631254222e+01 8.843603106990728691e+01
2.492270775912469674e+02 8.569676772738661441e+01 8.842099724379855274e+01
2.491913973106155424e+02 8.565357053370082951e+01 8.854211976948133156e+01
2.490472396224839144e+02 8.555586736824521665e+01 8.824069155600099634e+01
2.489903950555416259e+02 8.514694729808736895e+01 8.807934519335171331e+01
2.490352125615969214e+02 8.432600016704250834e+01 8.776513822767894624e+01
2.490135304434978707e+02 8.430775912469724176e+01 8.787283053537124999e+01
2.489154597845151500e+02 8.468059801219411042e+01 8.810485258498287919e+01
2.490199281717196982e+02 8.472295999331829819e+01 8.825851499206548567e+01
2.491840307358222617e+02 8.458174225340349039e+01 8.808443998997745439e+01
2.490873131211893394e+02 8.497781675436398530e+01 8.816812828864945573e+01
2.490770400066816990e+02 8.507007433391798656e+01 8.827321473314958666e+01
2.491563684957821749e+02 8.508612711935187178e+01 8.809427879395306604e+01
2.491676605696149807e+02 8.500198780589660430e+01 8.806668337091790022e+01
2.490708093209721881e+02 8.475760461037333471e+01 8.786132130627244408e+01
2.490811492524847495e+02 8.490585484005679007e+01 8.834841727219577479e+01
2.490963668253570518e+02 8.473383446087029824e+01 8.800768395556669077e+01
2.490045101478326330e+02 8.498773907959575524e+01 8.782789609955733567e+01
2.489782844733984746e+02 8.506638269439572753e+01 8.808761379771151212e+01
2.490914891839973393e+02 8.502477240457696439e+01 8.815371251983630430e+01
2.490757370750856126e+02 8.516954815000417511e+01 8.800582978367994258e+01
2.490298839054539428e+02 8.551586068654472683e+01 8.849915643531278420e+01
2.491837968763050242e+02 8.571776497118516147e+01 8.887134385701160966e+01
2.492191597761630248e+02 8.552765388791446810e+01 8.902275119017789962e+01
2.491315626827027359e+02 8.553238119101311554e+01 8.852995907458448244e+01
2.490224004009020291e+02 8.550072663492858283e+01 8.851460786770232403e+01
2.490631420696567204e+02 8.589451265347031494e+01 8.842266766892174701e+01
2.490324396558924320e+02 8.496771068236866142e+01 8.807637183663241842e+01
2.489879061221080860e+02 8.450189593251482734e+01 8.780220496116261586e+01
2.488541885909964151e+02 8.445871544308026557e+01 8.740267268019711366e+01
2.490138311200200576e+02 8.469417856844566472e+01 8.759792867284724593e+01
2.489100309028647757e+02 8.459654221999498702e+01 8.735905788023052310e+01
2.489041844149336100e+02 8.490086026893844462e+01 8.764687212895681512e+01
2.489189342687714088e+02 8.489802054622902006e+01 8.796398563434394191e+01
2.490436983212227631e+02 8.472959158105737743e+01 8.777088449010273052e+01
2.490047941201035542e+02 8.488407249645034369e+01 8.798486594838387020e+01
2.489544976196442008e+02 8.490687379938194113e+01 8.802881483337509394e+01
2.490243715025474103e+02 8.505352042094713738e+01 8.798426459533951061e+01
2.491440741668754697e+02 8.507329825440574211e+01 8.807002422116428875e+01
2.491228096550572104e+02 8.505372087196191444e+01 8.820070157855174386e+01
2.491290236365154840e+02 8.523846989058715451e+01 8.825706172220830581e+01
2.491556001002255130e+02 8.542295164119268236e+01 8.849170633926334517e+01
2.493517915309446380e+02 8.593538795623486237e+01 8.861202706088700154e+01
2.494945126534703093e+02 8.672252568278626939e+01 8.918214315543305304e+01
2.494891839973273306e+02 8.710082686043598699e+01 8.971719702664327656e+01
2.495847323143740084e+02 8.668307024137642713e+01 8.921802388707925502e+01
2.495025473983128848e+02 8.663872045435563507e+01 8.911146746847072109e+01
2.494154848408920202e+02 8.675259333500375192e+01 8.897163618140817221e+01
2.494018541718867539e+02 8.684700576296667407e+01 8.889847156101227199e+01
2.493532782093042783e+02 8.661695481500041183e+01 8.865044683872045539e+01
2.491765639355215853e+02 8.561095798880815266e+01 8.799630836047774096e+01
2.490453353378434826e+02 8.527431721373089601e+01 8.792177399148083339e+01
2.490526183913806051e+02 8.484054121773991142e+01 8.785823101979454464e+01
2.490755700325732960e+02 8.427039171469138523e+01 8.787057546145493347e+01
2.490037083437734964e+02 8.437741585233442265e+01 8.792012027060887647e+01
2.490245886578134105e+02 8.450202956652468345e+01 8.787615468136640118e+01
2.491345694479244912e+02 8.454063309112169122e+01 8.806469556502129592e+01
2.491518750522007792e+02 8.502275119017789962e+01 8.849701829115510066e+01
2.492367827612127371e+02 8.645310281466633739e+01 8.962378685375428233e+01
2.494154514323895455e+02 8.493198028898355290e+01 8.832304351457446501e+01
2.492000501127537007e+02 8.458483253988140405e+01 8.781997828447339316e+01
2.490570617222082888e+02 8.443253988139981914e+01 8.808641109162282135e+01
2.490182243380940577e+02 8.577514407416687447e+01 8.864625407166123239e+01
2.490757203708343752e+02 8.412120604693895132e+01 8.758673682452183584e+01
2.489134218658648763e+02 8.425707842645952894e+01 8.760948801469973546e+01
2.489010440157019843e+02 8.502256744341434569e+01 8.741070742503967494e+01
2.488701411509229047e+02 8.598481583563017239e+01 8.846813664077507156e+01
2.490871794871794975e+02 8.426685041343021965e+01 8.742074668003006366e+01
2.489567359893092657e+02 8.409477992149001579e+01 8.772698571786519040e+01
2.488718115760460989e+02 8.503285726217322349e+01 8.828993568863275243e+01
2.490378351290403316e+02 8.645736239873048135e+01 8.952660152008685657e+01
2.491938862440491107e+02 8.462861438236031120e+01 8.832518165873214855e+01
2.490075503215568347e+02 8.479824605362064460e+01 8.796111250313204266e+01
2.488018541718867311e+02 8.535404660486094031e+01 8.837385784682201972e+01
2.489437734903532942e+02 8.495977616303349578e+01 8.814836715944207413e+01
2.490735488181742312e+02 8.492636766056961051e+01 8.894100058464879055e+01
2.488931429048692792e+02 8.504466716779420210e+01 8.861528438987721756e+01
2.488075002088031340e+02 8.444500125281884095e+01 8.839924830869456684e+01
2.488294161864194507e+02 8.359136390211308765e+01 8.748058130794287024e+01
2.487717865196692628e+02 8.373194688048107537e+01 8.706848743005095059e+01
2.485792366157187132e+02 8.427643865363735642e+01 8.738269439572371766e+01
2.486914223669924127e+02 8.415972605027980080e+01 8.760178735488182156e+01
2.487115509897268737e+02 8.354450847740750419e+01 8.698082351958574066e+01
2.486460536206464553e+02 8.382537375762132115e+01 8.705597594587823096e+01
2.486458865781341387e+02 8.453274868454020918e+01 8.790807650547064611e+01
2.488674851749770198e+02 8.408355466466215944e+01 8.767929508059800980e+01
2.488314374008185155e+02 8.363796876305019623e+01 8.731819928171719880e+01
2.487521256159692769e+02 8.422949970767560046e+01 8.712177399148083623e+01
2.487307107658899099e+02 8.418966006848742722e+01 8.713767643865364221e+01
2.488134302179904864e+02 8.384999582393719209e+01 8.703477825106489263e+01
2.486764386536373479e+02 8.404473398479913726e+01 8.727281383112001834e+01
2.486272446337592896e+02 8.442452184080848099e+01 8.755845652718616634e+01
2.486857262173222978e+02 8.418152509813747031e+01 8.742263426041927232e+01
2.486965338678693627e+02 8.381439906456192546e+01 8.727431721373089601e+01
2.487441743923828597e+02 8.408599348534201567e+01 8.710742503967259154e+01
2.486290319886411169e+02 8.446863776831203552e+01 8.747453436899691326e+01
2.486778919234945420e+02 8.436741000584649441e+01 8.741341351373924340e+01
2.487057713188006289e+02 8.410146162198279285e+01 8.736269940699908432e+01
2.485600267268019650e+02 8.425904952810489590e+01 8.714853420195439071e+01
2.485524429967426840e+02 8.403143740081850410e+01 8.703788524179404362e+01
2.486184749018625268e+02 8.344226175561679781e+01 8.699503883738411503e+01
2.484972354464211151e+02 8.313938027227929695e+01 8.694596174726467552e+01
2.483922659316796171e+02 8.374599515576714737e+01 8.686177232105571022e+01
2.485207550321556766e+02 8.378581809070408326e+01 8.726611542637601815e+01
2.486514657980455922e+02 8.341070742503967494e+01 8.740537876889668212e+01
2.486097719869706850e+02 8.364114257078426817e+01 8.758212645118182138e+01
2.485906623235613324e+02 8.407834293827778538e+01 8.813157938695397320e+01
2.486359642529023688e+02 8.371773156268270100e+01 8.759677607951223877e+01
2.485949887246304115e+02 8.341409838803976129e+01 8.708955149085441860e+01
2.485031487513572301e+02 8.354661321306272725e+01 8.726212311033158642e+01
2.484705086444500068e+02 8.363150421782343358e+01 8.685390461872546553e+01
2.486529858849077073e+02 8.345156602355299924e+01 8.695426376012694902e+01
2.486331746429466421e+02 8.359022801302931782e+01 8.709225757955400127e+01
2.486690553745928298e+02 8.415028814833375748e+01 8.765891589409504547e+01
2.487583061889250757e+02 8.445497369080430872e+01 8.803426041927670553e+01
2.486787605445585996e+02 8.385699490520337918e+01 8.776458698738828446e+01
2.487752108911718096e+02 8.435095631838302666e+01 8.782934936941451554e+01
2.487514574459199821e+02 8.442716111250312849e+01 8.801854171886745348e+01
2.488100225507391769e+02 8.438416436983212066e+01 8.793438570116094866e+01
2.488148834878476521e+02 8.428574292157354364e+01 8.825926668337092451e+01
2.486625073081099231e+02 8.445759625824771888e+01 8.816669172304351321e+01
2.486415434728138223e+02 8.414798296166374314e+01 8.859518917564520279e+01
2.487080765054706433e+02 8.344077507725715748e+01 8.830562098053954401e+01
2.485624488432306123e+02 8.318950973022634798e+01 8.833324981207717030e+01
2.485329324313037773e+02 8.349155600100225172e+01 8.820227177816754249e+01
2.485909128873298357e+02 8.354987054205295749e+01 8.859470475235947617e+01
2.486480915392967574e+02 8.344683872045435180e+01 8.834733149586570278e+01
2.486986720120270604e+02 8.374368996909713303e+01 8.855020462707759066e+01
2.487203374258748738e+02 8.409635012110581442e+01 8.838411425707842284e+01
2.487425540800133774e+02 8.378793953061054367e+01 8.887719034494278958e+01
2.487051365572538089e+02 8.381403157103483181e+01 8.877850162866450034e+01
2.486002338595172603e+02 8.383927169464628548e+01 8.843252317714858179e+01
2.487351373924663847e+02 8.370685709513071515e+01 8.834044934435813445e+01
2.486819343522926715e+02 8.375438068988557916e+01 8.846624906038586289e+01
2.486163200534535918e+02 8.403279044516828833e+01 8.814267100977198766e+01
2.486642111417355636e+02 8.394218658648625819e+01 8.862614215317798028e+01
2.486930927921156069e+02 8.401015618474902169e+01 8.851940198780589242e+01
2.486428297001586998e+02 8.383469472980873149e+01 8.806063643197194324e+01
2.486070491940198792e+02 8.409038670341601573e+01 8.847866031905120110e+01
2.486837718199281824e+02 8.401100810156184195e+01 8.855202539046187837e+01
2.487209053704167729e+02 8.396938110749185569e+01 8.815459784515158503e+01
2.486193936356802681e+02 8.418937609621649187e+01 8.852396224839220906e+01
2.485703833625657637e+02 8.422884824187755726e+01 8.840355800551240861e+01
2.485936022717781668e+02 8.400053453603942444e+01 8.843071911801553142e+01
2.485854505971769868e+02 8.350625574208636692e+01 8.828170049277541409e+01
2.484657145243464527e+02 8.351641192683537440e+01 8.809989142236699422e+01
2.485319969932347703e+02 8.359762799632505903e+01 8.834502630919568844e+01
2.486216153010941241e+02 8.370916228180071528e+01 8.865671093293242677e+01
2.486695899106322543e+02 8.385869873882903391e+01 8.817562849745260678e+01
2.487411676271611043e+02 8.410732481416521011e+01 8.859208218491606601e+01
2.487089952392884129e+02 8.412578301177649109e+01 8.819331829950722579e+01
2.487788357136891477e+02 8.405577549486343969e+01 8.849942370333249642e+01
2.487346863776831185e+02 8.403748433976447529e+01 8.875197527770818340e+01
2.487832623402655940e+02 8.408180071828280688e+01 8.861647039171468521e+01
2.487634845068069751e+02 8.411427378267768518e+01 8.864491773156268550e+01
2.486589325983462686e+02 8.411923494529357015e+01 8.862330243046855571e+01
2.487063726718449743e+02 8.432660152008686794e+01 8.865682786269105975e+01
2.487566691723043562e+02 8.430211308778083890e+01 8.809133884573624584e+01
2.487212728639438808e+02 8.429868871627829208e+01 8.848664495114006456e+01
2.486839221581892616e+02 8.442014532698571827e+01 8.864556919736072871e+01
2.486945293577215352e+02 8.431096634093377418e+01 8.838364653804393356e+01
2.487231604443330752e+02 8.424922742838052159e+01 8.840198780589659577e+01
2.486300676522174911e+02 8.425600935438069428e+01 8.842046270775912831e+01
2.487377599599097948e+02 8.458545059717698678e+01 8.886514657980455922e+01
2.487846153846153925e+02 8.459923160444333234e+01 8.891978618558422909e+01
2.487470976363484567e+02 8.444042428798128697e+01 8.875145744591998209e+01
2.486603190511985417e+02 8.423421030652301056e+01 8.844075837300593435e+01
2.486724129290904557e+02 8.378366324229516238e+01 8.832832205796374581e+01
2.485508059801219360e+02 8.354958656978200793e+01 8.817275536624070753e+01
2.485061555165789571e+02 8.353712519836298611e+01 8.819784515159108196e+01
2.486062975027144546e+02 8.380021715526601156e+01 8.827394972020378816e+01
2.486325899941535056e+02 8.398844065814749626e+01 8.848200116929758963e+01
2.486800801804059233e+02 8.384911049862189714e+01 8.869247473482000999e+01
2.487063893760962117e+02 8.407964586987388600e+01 8.886619894763217076e+01
2.487953061054038244e+02 8.420240541217739860e+01 8.890588824855926475e+01
2.487586736824521836e+02 8.403995656894679200e+01 8.869845485676104602e+01
2.488483588073164583e+02 8.415775494863443384e+01 8.842366992399566072e+01
2.488155349536457095e+02 8.387560344107575361e+01 8.840781758957655256e+01
2.487556335087279820e+02 8.390635596759375403e+01 8.812012027060886510e+01
2.486930259751106576e+02 8.415304434978702375e+01 8.815643531278711009e+01
2.486803808569280818e+02 8.411637851833292245e+01 8.836978200952142970e+01
2.486213814415768866e+02 8.423691639522257901e+01 8.789892257579553814e+01
2.486553411843314052e+02 8.418007182828029045e+01 8.813134552743673567e+01
2.487158439822935065e+02 8.417034995406331177e+01 8.793999832957487683e+01
2.486423786853754336e+02 8.448719619143071213e+01 8.788377181992817100e+01
2.486707926167209450e+02 8.455503215568361952e+01 8.788375511567693366e+01
2.486585651048191892e+02 8.438897519418692639e+01 8.802430468554247511e+01
2.485651549319301807e+02 8.425696149670091017e+01 8.738359642529023574e+01
2.485474651298755475e+02 8.387191180155349457e+01 8.776042762883153614e+01
2.484862607533617336e+02 8.341388123277374689e+01 8.762983379270023931e+01
2.484907709011943666e+02 8.323674935271026243e+01 8.740888666165538723e+01
2.484430969681783949e+02 8.351677942036248226e+01 8.779782844733985314e+01
2.484589493025975173e+02 8.357048358807315935e+01 8.750057629666750358e+01
2.485056543890420073e+02 8.359198195940867038e+01 8.764785767977950570e+01
2.485691806564770729e+02 8.387560344107575361e+01 8.795259333500375476e+01
2.488741501712185880e+02 8.456507141067402245e+01 8.891056543890420016e+01
2.488122943289067166e+02 8.446371001419861102e+01 8.934285475653554442e+01
2.487208051449093773e+02 8.430495281049026346e+01 8.872529858849077300e+01
2.486417105153261389e+02 8.391839973273198439e+01 8.871388958489936272e+01
2.486453520420947143e+02 8.395703666583145264e+01 8.873791029817088827e+01
2.487332498120771618e+02 8.400342437150254682e+01 8.845595924162699930e+01
2.486817840140315639e+02 8.410221331328823169e+01 8.904035747097636033e+01
2.486460870291489300e+02 8.408243547982961275e+01 8.892110582143155284e+01
2.486690052618391462e+02 8.399589075419694950e+01 8.887212895681950897e+01
2.486514323895431460e+02 8.407714023218909460e+01 8.865051365572537634e+01
2.486163033492023828e+02 8.409093794370667752e+01 8.883167126033575300e+01
2.485530276455357921e+02 8.404586987388290709e+01 8.861809070408419586e+01
2.485423703332498064e+02 8.424181074083354304e+01 8.896398563434394191e+01
2.485357721540131877e+02 8.435524931094963108e+01 8.925584231186836348e+01
2.486006347615468144e+02 8.412493109496367083e+01 8.885337008268604109e+01
2.483956234861772430e+02 8.362176563935521756e+01 8.879341852501461574e+01
2.483911300425958473e+02 8.334950304852584679e+01 8.829483003424371645e+01
2.483649711851666382e+02 8.335342854756535758e+01 8.864907709011943382e+01
2.484790278125782947e+02 8.344573623987304245e+01 8.871529274200284476e+01
2.485124530192934174e+02 8.382007850998078879e+01 8.876345109830451463e+01
2.484690553745928412e+02 8.358479913137892936e+01 8.873517080096884513e+01
2.484992566608201798e+02 8.383197193685792570e+01 8.863526267435062778e+01
2.485726885492357781e+02 8.394288816503799922e+01 8.854596174726468405e+01
2.486608034744842541e+02 8.374029900609704669e+01 8.837815083938862415e+01
2.486118433141234334e+02 8.390548734652969642e+01 8.810744174392382888e+01
2.486735321139229882e+02 8.416203123694980093e+01 8.847665580890335946e+01
2.487522592499791187e+02 8.422549068737993139e+01 8.861979453770985060e+01
2.487817923661571911e+02 8.419505554163534100e+01 8.853824438319551859e+01
2.487992650129457957e+02 8.436174726467885421e+01 8.850096049444583457e+01
2.488067151089952347e+02 8.473351708009688821e+01 8.868864946128789484e+01
2.488459533951390767e+02 8.484593669088782519e+01 8.903715025473982791e+01
2.490255240958823890e+02 8.557212060469389314e+01 8.949472980873632366e+01
2.490789442913221308e+02 8.692521506723461755e+01 9.018194270441827598e+01
2.491208719619143039e+02 8.765701160945459947e+01 9.080036749352710501e+01
2.492314708093209674e+02 8.834419109663409131e+01 9.087962916562264581e+01
2.492237534452518162e+02 8.852820512820512988e+01 9.117308945126534070e+01
2.491198195940866924e+02 8.738381358055625014e+01 8.994170216320053157e+01
2.490443831955232667e+02 8.705392132297669150e+01 8.955957571201871303e+01
2.489210557086778692e+02 8.711601102480581460e+01 8.947264678860770459e+01
2.488567777499373506e+02 8.707002422116428875e+01 8.931960243882068085e+01
2.487572371168462269e+02 8.593515409671761063e+01 8.819193184665496688e+01
2.487610456861271189e+02 8.571928505804727649e+01 8.806745176647456219e+01
2.487070742503967153e+02 8.563606447840975022e+01 8.794970349954063238e+01
2.486481082435479948e+02 8.516303349202371464e+01 8.765295247640524678e+01
2.486031738077340663e+02 8.476251566023553607e+01 8.747348200116930172e+01
2.484746011860018484e+02 8.455098972688548997e+01 8.718797293911300983e+01
2.483856510481917610e+02 8.452324396558924491e+01 8.718929257496033358e+01
2.484436315042178194e+02 8.431576046103732835e+01 8.715408001336339794e+01
2.485064896016036187e+02 8.408490770901194367e+01 8.701104151006431664e+01
2.484463375929173878e+02 8.415543305771318217e+01 8.705053035997661937e+01
2.484825858180907119e+02 8.424586987388290993e+01 8.734510983045184673e+01
2.484644450012528125e+02 8.386133801052368142e+01 8.721361396475403183e+01
2.483983796876304950e+02 8.360958824020713109e+01 8.723486177232105376e+01
2.483099306773573858e+02 8.367316462039589453e+01 8.718960995573372941e+01
2.483098638603524648e+02 8.313089451265346952e+01 8.682794621231103349e+01
2.482919067902781194e+02 8.289467969598263153e+01 8.758867451766474232e+01
2.481975778835713697e+02 8.298611876722625880e+01 8.767341518416436941e+01
2.482514156852919029e+02 8.319906456193101008e+01 8.794830034243715033e+01
2.482695230936273276e+02 8.332169047022466657e+01 8.805433892925749717e+01
2.484400400902029560e+02 8.422686043598095296e+01 8.909907291405663443e+01
2.484922742838052159e+02 8.440983880397561734e+01 8.939722709429550207e+01
2.484501127536958052e+02 8.438935939196525737e+01 8.926357638018875207e+01
2.484404744007349848e+02 8.413056042762883635e+01 8.894703081934352440e+01
2.484215985968428981e+02 8.378347949553160845e+01 8.879123026810323438e+01
2.484065313622316751e+02 8.354763217238787831e+01 8.867234611208552053e+01
2.483687296416938182e+02 8.332631754781591837e+01 8.873931345527437031e+01
2.483725716194771564e+02 8.340050112753695544e+01 8.867346529691806722e+01
2.483630501962749406e+02 8.353024304685541779e+01 8.874365656059467256e+01
2.483581224421615161e+02 8.350206297502714392e+01 8.870050947966257127e+01
2.484500292324396469e+02 8.345104819176479793e+01 8.892772070491940894e+01
2.484246888833208118e+02 8.362341936022717448e+01 8.846407750772571887e+01
2.483592917397477606e+02 8.361543472813831102e+01 8.858573456944792213e+01
2.483040841894262201e+02 8.357501044015701552e+01 8.831534285475653689e+01
2.483049862189927239e+02 8.316614048275286564e+01 8.797197026643280537e+01
2.483398312870625659e+02 8.280750020880313400e+01 8.803439405328656164e+01
2.482174225340349096e+02 8.249491355549987759e+01 8.791459116345109237e+01
2.481976948133300027e+02 8.234019878058965958e+01 8.806923912135638943e+01
2.482388373841142482e+02 8.260300676522174967e+01 8.854347281383111579e+01
2.482968178401403065e+02 8.273345026309195305e+01 8.807298087363234629e+01
2.483227261338010408e+02 8.289402823018458832e+01 8.812459700993902345e+01
2.483465296918065519e+02 8.293595590077674728e+01 8.841874216988223623e+01
2.483857011609454730e+02 8.295130710765890569e+01 8.810836047774158430e+01
2.483746596508811422e+02 8.266512987555333325e+01 8.830881149252485329e+01
2.483486511317130123e+02 8.255770483588072750e+01 8.808286979036164155e+01
2.483111500876973139e+02 8.260003340850246900e+01 8.823238954313872284e+01
2.483406664996241489e+02 8.288569280881984014e+01 8.823753445251816174e+01
2.483714357303933866e+02 8.279717698154179573e+01 8.821712185751273694e+01
2.483943539630836028e+02 8.289060385868204150e+01 8.794531028146663232e+01
2.484587655558339634e+02 8.302686043598095011e+01 8.822792950805980183e+01
2.484713605612628555e+02 8.304541885909964094e+01 8.848577633007600696e+01
2.484529190679027693e+02 8.305711183496200078e+01 8.837890253069406299e+01
2.483618641944374872e+02 8.302951641192683496e+01 8.789329324313037262e+01
2.483110999749436303e+02 8.278187588741334935e+01 8.797669756953145281e+01
2.482740499457111696e+02 8.238157521089117097e+01 8.737202037918650888e+01
2.482548734652969245e+02 8.185986803641526421e+01 8.731427378267768802e+01
2.481810406748517437e+02 8.195665246805312165e+01 8.693667418357972565e+01
2.481819928171719596e+02 8.211567693978116722e+01 8.634774910214649424e+01
2.483281049026977314e+02 8.238655307775829328e+01 8.661752275954229674e+01
2.483792199114674588e+02 8.335351206882151587e+01 8.680446003507893238e+01
2.483871544308026387e+02 8.350106071995323020e+01 8.656051115008769159e+01
2.483652718616887967e+02 8.355848993568862682e+01 8.590590495281048788e+01
2.484094379019460348e+02 8.352773740917064060e+01 8.571686294161864339e+01
2.483669088783095162e+02 8.357888582644282849e+01 8.511368913388457713e+01
2.483985467301428116e+02 8.362856426960661338e+01 8.585198362983379639e+01
2.483947047523594733e+02 8.348150004176062566e+01 8.569618307859350637e+01
2.484277457612962507e+02 8.353669088783095731e+01 8.625069740248893879e+01
2.484831704668838199e+02 8.371726384364821172e+01 8.652058798964336006e+01
2.483988307024137612e+02 8.387799214900192624e+01 8.695180823519585545e+01
2.483685291906790269e+02 8.390381692140650216e+01 8.706172220830201525e+01
2.483761630334920198e+02 8.375139062891506114e+01 8.694307191180155314e+01
2.483822767894429262e+02 8.375154096717614038e+01 8.730754196943121315e+01
2.483968930092708547e+02 8.390238035580054543e+01 8.749003591414015091e+01
2.484608201787354744e+02 8.385382109746930723e+01 8.806534703081933912e+01
2.483993652384531856e+02 8.353338344608702926e+01 8.733812745343689699e+01
2.483174308861605368e+02 8.333446922241709842e+01 8.695808903365906417e+01
2.483008936774409108e+02 8.341889250814331547e+01 8.689875553328322155e+01
2.483729057045017896e+02 8.376901361396475920e+01 8.697051699657562551e+01
2.485492190762549001e+02 8.386193936356802681e+01 8.661312954146829668e+01
2.485029650045936762e+02 8.426148834878476634e+01 8.614477574542721072e+01
2.484428798129123948e+02 8.412561596926417451e+01 8.580148667835963749e+01
2.485561847490186267e+02 8.442686043598095580e+01 8.615028814833375748e+01
2.486138478242712893e+02 8.431923494529357299e+01 8.536007683955565994e+01
2.485520253904618642e+02 8.425311951891755768e+01 8.535972605027978943e+01
2.485267852668504247e+02 8.442597511066566085e+01 8.566036916395222534e+01
2.485470809320972307e+02 8.448150004176062566e+01 8.625863192182410444e+01
2.486143155433057643e+02 8.462826359308444069e+01 8.615965923327486564e+01
2.485962415434728143e+02 8.481728890002506205e+01 8.681608619393635706e+01
2.484841393134552732e+02 8.486132130627244408e+01 8.654350622233359047e+01
2.485395974275453170e+02 8.467207884406580831e+01 8.710364987889417421e+01
2.484892842228346979e+02 8.492725298588490546e+01 8.739939864695564609e+01
2.484365656059467256e+02 8.487625490687379681e+01 8.730667334836715554e+01
2.485245134886828566e+02 8.497298922575795643e+01 8.793306606531362490e+01
2.484024889334335455e+02 8.480766725131546480e+01 8.757669756953144713e+01
2.483389793702497172e+02 8.457332331078259813e+01 8.725527436732647857e+01
2.483273866198947530e+02 8.396413597260502115e+01 8.757714858431471328e+01
2.483315793869539903e+02 8.369817088449009646e+01 8.763228931763133289e+01
2.483625490687379909e+02 8.370732481416520443e+01 8.844429967426709993e+01
2.484249895598429703e+02 8.401002255073916558e+01 8.861605278543389375e+01
2.485264177733233169e+02 8.412260920404243336e+01 8.904002338595172716e+01
2.484682034577799925e+02 8.410468554247056261e+01 8.914110081015618903e+01
2.484719786185584098e+02 8.426157187004092464e+01 8.977683120354130608e+01
2.484103900442662791e+02 8.435805562515660938e+01 8.960255575043848353e+01
2.484459199866365964e+02 8.402503967259667661e+01 8.934425791363902647e+01
2.484020212143990705e+02 8.383384281299591123e+01 8.960110248058130367e+01
2.483549319301762353e+02 8.375656894679696052e+01 8.971026476238202463e+01
2.483311283721707241e+02 8.372167376597343491e+01 8.958421448258582132e+01
2.483497870207967821e+02 8.369508059801219702e+01 8.958996074500960560e+01
2.483786018541718761e+02 8.370916228180071528e+01 8.975217572872296046e+01
2.483663910465213291e+02 8.395394637935353899e+01 8.963990645619310271e+01
2.484410089367744092e+02 8.395254322225005694e+01 8.989964085859851650e+01
2.484672680197110139e+02 8.396969848826526572e+01 9.006035245970099368e+01
2.484818007182828126e+02 8.399704334753194246e+01 8.944837551156768995e+01
2.484083020128622650e+02 8.413458615217572856e+01 8.994542721122525109e+01
2.484025557504384949e+02 8.399949887246303604e+01 8.891828280297335141e+01
2.483747097636348542e+02 8.366061972772070021e+01 8.829361062390378834e+01
2.482300175394638018e+02 8.336510481917648008e+01 8.723836966507975887e+01
2.482367326484590251e+02 8.278097385784681705e+01 8.647433391798212199e+01
2.481088449010273109e+02 8.272214148500793840e+01 8.640106907207884035e+01
2.481398981040674983e+02 8.287657228764720685e+01 8.605433892925749717e+01
2.482803975611793135e+02 8.304964503466132442e+01 8.603377599599097891e+01
2.483106322559091268e+02 8.328006347615468030e+01 8.589422868119936538e+01
2.483260669840474293e+02 8.318536707592082280e+01 8.537940365823101274e+01
2.484320053453603805e+02 8.329940699908127044e+01 8.517952058798964288e+01
2.484576296667501936e+02 8.316959826275787293e+01 8.488273615635179681e+01
2.484468053119518913e+02 8.290079345193352367e+01 8.538645285225089765e+01
2.483420696567276309e+02 8.278241042345277378e+01 8.481297920320722028e+01
2.483191013112837311e+02 8.283312453019293287e+01 8.520369163952226188e+01
2.483871711350538760e+02 8.268023051866700257e+01 8.519675937526100995e+01
2.483466800300676596e+02 8.279179821264511929e+01 8.534507642194938626e+01
2.482530527019126509e+02 8.287015785517414201e+01 8.544789108828196333e+01
2.483128706255742202e+02 8.285672763718366696e+01 8.586858765555834339e+01
2.482623235613463635e+02 8.305007934519335322e+01 8.575513238119101800e+01
2.483476989893927964e+02 8.317484339764470747e+01 8.612605027979620331e+01
2.483788858264428256e+02 8.340387538628580444e+01 8.643101979453770412e+01
2.483861354714775018e+02 8.320681533450263601e+01 8.635912469723544405e+01
2.483371251983629975e+02 8.314589493025975742e+01 8.633811074918567385e+01
2.483246972354464219e+02 8.320314039923160010e+01 8.681117514407416991e+01
2.483162615885742923e+02 8.277861855842311911e+01 8.658880815167459843e+01
2.483604610373340051e+02 8.267087613797711754e+01 8.607451766474568444e+01
2.483847490186252287e+02 8.275413012611709007e+01 8.668440658147498823e+01
2.483963250647289840e+02 8.312008686210640462e+01 8.731412344441660878e+01
2.484482251733066107e+02 8.327047523594754352e+01 8.782326902196608387e+01
2.484008686210640633e+02 8.339906456193101292e+01 8.743051866700075436e+01
2.484347949553161357e+02 8.335710348283637927e+01 8.734195272696901213e+01
2.484015367911133296e+02 8.341418190929591958e+01 8.671576046103733404e+01
2.483604276288315305e+02 8.330866115426375984e+01 8.618725465631003146e+01
2.482974693059383640e+02 8.332073832790445067e+01 8.612162365321974278e+01
2.482916228180071698e+02 8.333298254405745809e+01 8.566130460202121810e+01
2.482743005094796729e+02 8.358535037166959114e+01 8.533667418357971712e+01
2.484438152509813733e+02 8.375720370834378059e+01 8.489437901946045884e+01
2.485385283554664682e+02 8.409320972187421717e+01 8.514357303933850574e+01
2.486508477407500095e+02 8.443519585734568977e+01 8.507911133383446156e+01
2.486013196358473181e+02 8.447328155015451046e+01 8.461129207383278583e+01
2.485857512736991453e+02 8.457469305938361970e+01 8.424298003841977334e+01
2.485119685960076765e+02 8.431370583813580311e+01 8.412204125950054845e+01
2.484844065814749854e+02 8.432595005428881052e+01 8.348268604359809331e+01
2.484388206798630279e+02 8.423892090537042066e+01 8.331936857930342910e+01
2.484077674768228405e+02 8.438501628664495513e+01 8.339876388540884022e+01
2.483524597009939043e+02 8.425213396809488131e+01 8.304406581474985671e+01
2.483609788691221922e+02 8.386315877390795492e+01 8.303167126033575585e+01
2.482775912469723494e+02 8.354644617055041067e+01 8.227147749102147145e+01
2.483456777749937316e+02 8.324090871126701074e+01 8.178242712770399692e+01
2.482746345945043061e+02 8.312700242211643342e+01 8.188607700659818533e+01
2.482710264762382053e+02 8.311696316712603050e+01 8.201526768562598591e+01
2.482376847907792410e+02 8.317813413513739818e+01 8.218543389292574375e+01
2.482616219827946225e+02 8.302594170216319469e+01 8.199059550655641715e+01
2.482374843397644781e+02 8.292406247389961038e+01 8.258483253988140405e+01
2.481971769815418156e+02 8.265784682201619660e+01 8.302734485926667674e+01
2.481538294495949231e+02 8.268539213229766460e+01 8.301501712185751103e+01
2.480332748684540149e+02 8.238336256577298400e+01 8.291173473649043046e+01
2.480349118850747629e+02 8.235882402071327135e+01 8.301324647122692113e+01
2.480478910882819719e+02 8.252267602104736000e+01 8.345412177399147424e+01
2.481281717197026637e+02 8.287647206213981121e+01 8.410993067735738293e+01
2.481262173223085199e+02 8.309021966090369915e+01 8.421506723461121169e+01
2.482213146245719599e+02 8.323173807734067964e+01 8.468469055374592358e+01
2.483087780840223786e+02 8.334723127035830714e+01 8.513639021130877893e+01
2.483527770817673002e+02 8.336730978033909878e+01 8.501753946379353977e+01
2.483030151173473712e+02 8.342052952476404926e+01 8.528245218408085293e+01
2.481796876305019737e+02 8.346193936356802112e+01 8.513161279545644788e+01
2.481951724713939598e+02 8.320415935855675116e+01 8.535454773239789006e+01
2.481252150672346204e+02 8.329272529858849339e+01 8.564445001252818201e+01
2.480968011358890806e+02 8.326701745594253623e+01 8.524393218074000345e+01
2.481137058381358145e+02 8.322111417355716867e+01 8.530760878643614831e+01
2.481414850079345058e+02 8.295439739413680513e+01 8.504540215484840360e+01
2.481255157437567789e+02 8.267481834126785145e+01 8.542582477240458161e+01
2.480733984799131520e+02 8.213767643865364221e+01 8.515529942370332606e+01
2.480519335170801014e+02 8.219604109245803159e+01 8.506150505303600085e+01
2.481076756034410664e+02 8.227206213981457950e+01 8.560215484840891520e+01
2.480673014282134830e+02 8.221386452852250670e+01 8.548696233191347460e+01
2.480850079345193251e+02 8.236934769898938669e+01 8.557385784682202257e+01
2.480986553077758288e+02 8.243108661154263928e+01 8.553535454773239621e+01
2.481231604443330809e+02 8.242570784264594863e+01 8.612025390461872121e+01
2.481647373256493836e+02 8.235134051616135764e+01 8.581773991480831398e+01
2.481033492023720157e+02 8.263838636933098769e+01 8.596054455859015775e+01
2.480626242378685333e+02 8.256196441994487145e+01 8.618023887079262124e+01
2.480400567944541876e+02 8.262655975945878595e+01 8.671834961997828373e+01
2.481039004426626491e+02 8.273620646454523353e+01 8.664157688131629698e+01
2.481844650463542905e+02 8.318182577465965721e+01 8.694173557170299205e+01
2.481919652551574416e+02 8.313869539797877906e+01 8.702655975945877742e+01
2.482251231938528235e+02 8.327906122108076659e+01 8.703148751357220192e+01
2.483667251315459907e+02 8.336786102062974635e+01 8.723626492942453581e+01
2.483883237283888832e+02 8.334931930176229287e+01 8.706504635429716643e+01
2.482951641192683496e+02 8.314604526852083666e+01 8.718518332915726887e+01
2.482599515576714282e+02 8.301429883905453266e+01 8.716477073415184407e+01
2.482033408502463772e+02 8.304421615301093595e+01 8.704842562432139630e+01
2.482442662657646508e+02 8.310568779754447633e+01 8.706310866115425995e+01
2.482682702747849248e+02 8.346153846153846700e+01 8.715653553829449152e+01
2.482440825190010969e+02 8.372087196191431246e+01 8.739672596675853811e+01
2.483617973774325662e+02 8.375244299674267268e+01 8.753500375845652570e+01
2.483692641777332426e+02 8.378227678944291767e+01 8.752608368829866947e+01
2.484022049611626244e+02 8.348890002505638108e+01 8.779396976530526331e+01
2.483597761630335015e+02 8.325124864277958636e+01 8.744024054121773304e+01
2.482635930844400036e+02 8.266188925081432615e+01 8.701314624571953971e+01
2.482224338094044924e+02 8.257997160277290050e+01 8.632488098220997585e+01
2.482047941201035712e+02 8.285604276288314907e+01 8.615536624070826122e+01
2.482921907625490689e+02 8.302899858013864787e+01 8.556609036999915929e+01
2.483219410339931414e+02 8.303561346362648976e+01 8.591878393051031537e+01
2.484516996575628411e+02 8.328811492524847893e+01 8.541206046938945917e+01
2.484664161028981937e+02 8.347179487179487012e+01 8.523980623068571560e+01
2.483628497452601778e+02 8.333510398396391849e+01 8.461672095548317429e+01
2.484246721790695744e+02 8.326541384782427713e+01 8.443873715860686957e+01
2.483890754196943078e+02 8.339694312202455251e+01 8.406810323227261961e+01
2.484319218241042222e+02 8.341281216069489801e+01 8.305213396809487847e+01
2.485369247473481948e+02 8.342044600350789096e+01 8.337886912219160251e+01
2.484701578551741363e+02 8.368363818591831205e+01 8.363210557086777897e+01
2.484298170884489991e+02 8.375548317046688851e+01 8.413664077507725381e+01
2.484408251900108553e+02 8.378638603524596817e+01 8.415895765472312462e+01
2.484142153177983801e+02 8.376590662323560821e+01 8.463486177232105945e+01
2.484893176313371725e+02 8.380404242879812671e+01 8.482074668003006934e+01
2.484816503800217049e+02 8.382141485007934989e+01 8.488499123026809912e+01
2.484411592750354885e+02 8.370595506556418286e+01 8.480078509980789647e+01
2.484901528438987839e+02 8.386036916395222818e+01 8.493279879729391268e+01
2.485220245552493168e+02 8.399959909797043167e+01 8.510782594170215987e+01
2.484807984632088846e+02 8.395164119268353886e+01 8.520868621064060733e+01
2.484807316462039637e+02 8.363598095715359193e+01 8.506801971101644710e+01
2.484135805562515600e+02 8.317537793368411769e+01 8.381812411258665918e+01
2.483022801302931555e+02 8.287416687546981109e+01 8.325049695147414752e+01
2.483259834627912710e+02 8.303826943957237461e+01 8.341486678359642326e+01
2.483062557420863641e+02 8.313520420947131129e+01 8.297805061388123704e+01
2.483595088950137892e+02 8.314088365489017463e+01 8.285706172220830013e+01
2.484449010273114595e+02 8.334171886745176039e+01 8.249112169047022292e+01
2.485165288565939932e+02 8.340796792783763181e+01 8.260339096300008066e+01
2.485077090119435468e+02 8.357322308527520249e+01 8.204595339513906538e+01
2.484741000584648702e+02 8.334469222417105527e+01 8.211230268103231822e+01
2.484524346446170568e+02 8.323056877975444934e+01 8.158521673765973503e+01
2.483906790278125811e+02 8.316710932932431888e+01 8.137317297252150183e+01
2.484618224338094024e+02 8.308569280881984298e+01 8.104829199031154019e+01
2.484224839221581931e+02 8.349309279211558987e+01 8.100733316629082026e+01
2.484490603858681936e+02 8.349391130042596387e+01 8.109397811743087914e+01
2.485129541468303671e+02 8.347690637267184854e+01 8.110957988808151242e+01
2.485128706255742088e+02 8.364855925833124672e+01 8.070937943706672968e+01
2.485817088449010157e+02 8.378217656393552204e+01 8.082114758205963767e+01
2.485595590077674899e+02 8.400322392048776976e+01 8.147595423035161843e+01
2.486097719869706850e+02 8.396585651048191323e+01 8.125335337843480943e+01
2.486174392382861527e+02 8.409150588824856243e+01 8.194063309112169691e+01
2.486349285893259946e+02 8.418635262674349917e+01 8.237813413513738681e+01
2.486140315710348148e+02 8.409045352042095089e+01 8.278503299089618395e+01
2.485516746011859937e+02 8.295137392466382664e+01 8.225853169631670880e+01
2.485405662741167703e+02 8.246282468888331607e+01 8.236689217405829311e+01
2.484313538795623515e+02 8.195625156602355332e+01 8.221603608118266493e+01
2.483734402405412141e+02 8.165559174809989429e+01 8.281013948049778151e+01
2.483691472479746096e+02 8.176735989309278807e+01 8.319706005178318264e+01
2.482795790528689679e+02 8.192093877891923626e+01 8.334494278793953015e+01
2.484094546061972721e+02 8.197544475068905001e+01 8.348265263509563283e+01
2.483941368078176026e+02 8.293214733149586948e+01 8.398683705002923716e+01
2.484103900442662791e+02 8.298073999832956815e+01 8.459906456193101576e+01
2.484006347615468258e+02 8.309838803975611654e+01 8.490720788440658851e+01
2.484050112753695885e+02 8.203731729725214450e+01 8.391494195272696288e+01
2.483926501294579339e+02 8.288911718032238696e+01 8.448734652969180559e+01
2.483397143573039330e+02 8.292468053119519311e+01 8.492800467719034430e+01
2.483677273866198902e+02 8.287637183663242979e+01 8.508898354631253369e+01
2.483755115676939909e+02 8.305604276288315191e+01 8.514699741084105256e+01
2.483887079261672000e+02 8.311736406915559883e+01 8.566599849661739086e+01
2.484261254489267401e+02 8.341575210891171821e+01 8.544957821765639494e+01
2.483957404159358475e+02 8.356831203541301534e+01 8.500195439739414383e+01
2.484216654138478191e+02 8.361601937693143327e+01 8.493512068821515015e+01
2.485495865697820079e+02 8.356836214816671315e+01 8.465848158356301667e+01
2.485633174642946699e+02 8.374510983045185242e+01 8.450234694729809348e+01
2.485672763718366411e+02 8.377308945126534923e+01 8.451014783262340302e+01
2.485552493109496481e+02 8.384139313455274589e+01 8.425539129708511155e+01
2.484571452434644527e+02 8.292466382694395577e+01 8.325577549486344253e+01
2.484506639939864669e+02 8.276178067318132037e+01 8.270767560344107494e+01
2.483360227177816739e+02 8.218321222751190192e+01 8.199261672095548192e+01
2.482223168796458594e+02 8.175608452351123390e+01 8.155743756786101528e+01
2.481829950722458875e+02 8.161391464127621020e+01 8.163317464294662784e+01
2.482114925248475856e+02 8.175608452351123390e+01 8.159629165622651215e+01
2.482805144909379464e+02 8.180791781508393967e+01 8.135391297085108420e+01
2.483386452852250841e+02 8.193613964754030121e+01 8.112569949052033280e+01
2.484245385450597041e+02 8.206982377014949748e+01 8.117415852334418958e+01
2.484343105320303948e+02 8.306994069990813045e+01 8.164526852083855601e+01
2.484649962415434743e+02 8.215743756786102381e+01 8.080432640106907627e+01
2.484371335504885963e+02 8.207263008435647578e+01 8.028178401403157238e+01
2.484256577298922650e+02 8.203947214566106538e+01 8.018256076171385871e+01
2.485280046771903528e+02 8.284553578885827108e+01 8.124578635262673743e+01
2.484888332080514601e+02 8.215379604109246259e+01 8.077180322392048595e+01
2.484157688131629413e+02 8.215097302263426116e+01 8.113649043681617457e+01
2.484014532698571713e+02 8.237871878393050906e+01 8.235546646621564548e+01
2.484958155850663957e+02 8.328210139480498242e+01 8.259123026810323154e+01
2.484482084690553734e+02 8.240860268938445188e+01 8.221939363568027659e+01
2.484625574208636181e+02 8.273555499874717611e+01 8.254362315209220924e+01
2.485113672429633311e+02 8.288592666833709188e+01 8.336609036999917066e+01
2.485918817339012890e+02 8.270732481416520443e+01 8.312974191931846235e+01
2.486476238202622540e+02 8.286175561680447288e+01 8.323778501628665083e+01
2.485517748266933893e+02 8.313764303015116752e+01 8.372583312453019744e+01
2.485958406414432602e+02 8.299562348617723728e+01 8.385253487012444396e+01
2.485189676772738778e+02 8.289122191597761002e+01 8.363026810323226812e+01
2.484649628330409996e+02 8.258177566190595087e+01 8.409917313956401586e+01
2.483490520337425949e+02 8.205420529524764106e+01 8.420095214232021874e+01
2.482679027812578170e+02 8.190538712102230079e+01 8.384363150421782507e+01
2.482796458698738888e+02 8.195367911133384098e+01 8.428482418775578822e+01
2.482964670508644360e+02 8.227832623402656509e+01 8.457354046604861253e+01
2.483353044349786956e+02 8.233116178067318458e+01 8.472384531863359314e+01
2.483740750020880341e+02 8.244139313455274021e+01 8.516949803725047730e+01
