2.030648632264908713e+02 2.168674698795180766e-01 3.397363037053875878e+00
2.008542471773887996e+02 2.567250132605895518e-01 3.434454800333408997e+00
2.003210957035690001e+02 2.364931423808441235e-01 2.829279381677654026e+00
2.002006516632567923e+02 2.310752443737212891e-01 2.628703493218155440e+00
2.008685686140789528e+02 2.404334318405698390e-01 2.872130029552170782e+00
2.008520875956656937e+02 2.308100325831628497e-01 2.563044631355611003e+00
2.009736303705387570e+02 2.514586648480715558e-01 2.801015382283852606e+00
2.012437296355232377e+02 2.810866105933166881e-01 2.907024323709934244e+00
2.012366825793741043e+02 2.797984390391755616e-01 3.015533833446995438e+00
2.010918011669318730e+02 2.858225354247177497e-01 2.971698113207547287e+00
2.023296961430628187e+02 3.908085170872168113e-01 3.051640524361597162e+00
2.020059862089868830e+02 3.281048723194665562e-01 2.971357126619686095e+00
2.014435098886110609e+02 2.970750928241266964e-01 2.864704099416534255e+00
2.013846707585057345e+02 2.725619458967947217e-01 2.856520421307873203e+00
2.031762142911267688e+02 4.024399484731378540e-01 3.278396605289080945e+00
2.031867469879518069e+02 3.522770326589376166e-01 3.080965370917633006e+00
2.016083579601424560e+02 2.245207244070622221e-01 2.599378646662120040e+00
2.018584905660377444e+02 3.499280139425626768e-01 2.354360839584753951e+00
2.018713343941805078e+02 3.620519815109494721e-01 3.002008032128514081e+00
1.992977949533984940e+02 2.208835341365461835e-01 2.618625445176934186e+00
1.987943472001212513e+02 2.066757596423429433e-01 2.763582632416458296e+00
2.001025990755474595e+02 3.285595211032810714e-01 2.960407668409486881e+00
1.989323709934076021e+02 2.116768962643024998e-01 3.009964385845267820e+00
1.985619837841933872e+02 1.717814654845798150e-01 2.894142608168523090e+00
1.996449571872395268e+02 2.766916723497764852e-01 2.959271046449950759e+00
1.999722664241873247e+02 2.621807986663635681e-01 2.796317344851102504e+00
1.992508903538683001e+02 2.070167462302038297e-01 2.315450481169962771e+00
1.994751079790861468e+02 2.528983859968174652e-01 2.302114116844737435e+00
2.000078048041221450e+02 2.797605516405243797e-01 2.640941122982495948e+00
2.001489732514965567e+02 2.560430400848677790e-01 2.901909524892020809e+00
1.990581950443282437e+02 1.867469879518072196e-01 2.913616731075244548e+00
1.995153822838524036e+02 2.198605743729635520e-01 2.972342198984617934e+00
2.003315147381980807e+02 3.050693339395317283e-01 3.331249526407516814e+00
2.008084034250208276e+02 3.328786845495188551e-01 3.136280972948397583e+00
1.999453663711449565e+02 2.371372281579146868e-01 3.162385390619080194e+00
1.999998105630067471e+02 2.158823975145866547e-01 3.152686216564370536e+00
2.009917784344926872e+02 2.943472001212396605e-01 3.647344093354550232e+00
2.012008789876487072e+02 3.497764643479578939e-01 3.602523300750170687e+00
1.998366674244146282e+02 2.560430400848677790e-01 3.262559672652875609e+00
1.998191634462377806e+02 2.434265363340153143e-01 3.156929605213306012e+00
2.006947412290672048e+02 2.846101386678790424e-01 3.599075547472910586e+00
2.010735773281806473e+02 3.329923467454724562e-01 3.541410926725771180e+00
1.995563006743956862e+02 2.104266121088126107e-01 3.243237099340759322e+00
1.999118739107372846e+02 2.351670834280518430e-01 3.207736606804576951e+00
2.009398726983405368e+02 3.320072743805410065e-01 3.395923315905129858e+00
1.992759718117754062e+02 2.276274910964613263e-01 3.289005076911419412e+00
1.975977494885201224e+02 1.616276426460559190e-01 3.170417519133136519e+00
1.992660832007274507e+02 3.267030385693718286e-01 3.442297491854209301e+00
1.980983177994998812e+02 2.070546336288550393e-01 2.952261877699477122e+00
1.952838902780935086e+02 8.388270061377585407e-02 2.915018564825339276e+00
1.972385769493066618e+02 1.782980980525877002e-01 3.088050314465408785e+00
1.991046449950746364e+02 3.287110706978859098e-01 3.397741911040387919e+00
1.954191104038796709e+02 9.763582632416457907e-02 2.883382586951579896e+00
1.943483746305978741e+02 5.792983253769796309e-02 2.323672046677275116e+00
1.973977797984390463e+02 1.958399636280973022e-01 3.131545048116996188e+00
1.974424869288474724e+02 1.567401682200500190e-01 3.231529893157535582e+00
1.965593316662877896e+02 1.269227854815488388e-01 3.053118132908994475e+00
1.988416685610366130e+02 2.644540425854360888e-01 2.949723421989846273e+00
1.982510797908615530e+02 2.270212927180419726e-01 2.569674926119572600e+00
1.964690081079033064e+02 9.460483443206789411e-02 2.402629385466394041e+00
1.997344093354550409e+02 1.851936046071076813e-01 3.276956884140334925e+00
1.994047889671895177e+02 2.332727134954913906e-01 3.259718117754034861e+00
1.975067818443585566e+02 1.466621201788285145e-01 2.684701068424641957e+00
1.976188906569674941e+02 1.595817231188906560e-01 2.828976282488444127e+00
1.991049102068651848e+02 2.634310828218534573e-01 3.245017807077366090e+00
1.978527695688414099e+02 1.540501629158141927e-01 2.677502462680912299e+00
1.979776085473971250e+02 1.376070319011896692e-01 2.929074789724937400e+00
1.992750625142077752e+02 2.047435023111313090e-01 2.861862544517693507e+00
2.002550200803212874e+02 2.746836402212624040e-01 2.787982117147836725e+00
2.004569599151322166e+02 2.912025460331893467e-01 2.673107524437372096e+00
1.987569902250511404e+02 1.521179055846025585e-01 2.489543077972266261e+00
1.972441085095097435e+02 9.468060922937031332e-02 2.277790406910661591e+00
1.985569826475714308e+02 1.540501629158141927e-01 2.552095173145411788e+00
1.977442221717057009e+02 1.018413275744487340e-01 2.231264681366977420e+00
1.951643934227475938e+02 4.459346821247252984e-02 2.427786618170796551e+00
1.952131923922103454e+02 6.880351595059483460e-02 2.534970068955065603e+00
1.966917102371751014e+02 1.421914071379858924e-01 2.640069712813518432e+00
1.947865423959990778e+02 7.710085625520951558e-02 2.173221186633325974e+00
1.935047359248314081e+02 4.739713571266197106e-02 1.995983935742971838e+00
1.957862771842085294e+02 1.333257558536030951e-01 2.344282791543532696e+00
1.962220959308933743e+02 1.180192467985148180e-01 2.374441160869894762e+00
1.947213381829203627e+02 6.054406304463135630e-02 2.413048420095476043e+00
1.956043797832840880e+02 1.078654239599909082e-01 2.463324998105630215e+00
1.953163218913389301e+02 9.634765477002349421e-02 2.604379783284079597e+00
1.945764567704781314e+02 8.149579449874971848e-02 2.066833371220731852e+00
1.969591952716526464e+02 2.332348260968401810e-01 2.562059558990679609e+00
1.952946881867090951e+02 9.824202470258391884e-02 2.614116844737440548e+00
1.945830112904448015e+02 6.789421838296583189e-02 2.327688110934303278e+00
2.000242858225354325e+02 3.611805713419716790e-01 2.822421762521785116e+00
1.977815791467757833e+02 1.742441463969083837e-01 2.609002045919527113e+00
1.915595589906797045e+02 3.296203682655148709e-03 1.453322724861711102e+00
1.996606046828824788e+02 1.853830416003637294e-01 2.536144578313253017e+00
2.013237857088732312e+02 4.030461468515571521e-01 3.230165946806092148e+00
1.935939228612563454e+02 2.803667500189437056e-02 2.227779040691066026e+00
1.942019398348109291e+02 3.750852466469652147e-02 2.077517617640372904e+00
2.009138819428657996e+02 3.590967644161551786e-01 3.125937713116617278e+00
1.989212320982041433e+02 1.591649617337273503e-01 2.764188830794877649e+00
1.960728195802076357e+02 6.990225051147988533e-02 2.497764643479578606e+00
1.989775706599984915e+02 2.523300750170493489e-01 2.650223535652042273e+00
1.990691445025384496e+02 2.208835341365461835e-01 2.651094945821019788e+00
1.964690081079033064e+02 7.763127983632643614e-02 2.110290217473668406e+00
1.991422292945366337e+02 2.565734636659847134e-01 2.582897628248844502e+00
1.997864666212017823e+02 3.273471243464423641e-01 3.262105023869060982e+00
1.947948776237023480e+02 6.520421307873001948e-02 2.280972948397363087e+00
1.960564143365916436e+02 1.407137985905887734e-01 2.406228688338258870e+00
1.979951883003712965e+02 2.919602940062135388e-01 2.582064105478517835e+00
1.953936121845873970e+02 7.956353716753807037e-02 2.400545578540577374e+00
1.949250587254679203e+02 7.028112449799196748e-02 1.850723649314238051e+00
1.984055846025611913e+02 2.754035007956353587e-01 2.559180116693188012e+00
1.976398802758202748e+02 2.035311055542926295e-01 2.200803212851405455e+00
1.955509585511858859e+02 7.323634159278623323e-02 2.041259377131166008e+00
1.975489884064560044e+02 2.086459043722058149e-01 2.484276729559748542e+00
1.987760854739713636e+02 2.698719405925589232e-01 2.553345457300901788e+00
1.959453284837462945e+02 9.638554216867470381e-02 2.186481776161248725e+00
1.961066530272031514e+02 1.260513753125710457e-01 2.371334394180495408e+00
1.986288171554141115e+02 3.371978479957566388e-01 2.516518905811926832e+00
1.966922406607562266e+02 1.424945063271955692e-01 2.022808213988027681e+00
1.965334924604076718e+02 1.441994392664999736e-01 2.200159127074335252e+00
1.980633856179434815e+02 2.421004773812230060e-01 2.382549064181253229e+00
1.974663559899977372e+02 1.683337122073198522e-01 2.201030537243312768e+00
1.995320148518602821e+02 2.267181935288323236e-01 2.290217473668258119e+00
1.993741380616806964e+02 2.612336137000833558e-01 2.554633628855042637e+00
1.969917784344926872e+02 1.135106463590209863e-01 2.206031673865272325e+00
1.972225505796772040e+02 1.218079866636356812e-01 2.247253163597787484e+00
1.988800106084716219e+02 2.203531105554292768e-01 2.198188982344472020e+00
1.973855042812760416e+02 1.134348715617185671e-01 2.035007956353716896e+00
1.974975752064863173e+02 1.465105705842236761e-01 1.974729105099643833e+00
1.986444646510570635e+02 2.442979465029931074e-01 2.205918011669318890e+00
1.984921194210805595e+02 2.289535500492536069e-01 2.078767901795862905e+00
1.975412972645298169e+02 1.629158142001970178e-01 2.507236493142380951e+00
1.973390543305296774e+02 2.040615291354095640e-01 2.491929984087292382e+00
1.960807759339243717e+02 1.478366295370159844e-01 2.113434871561718609e+00
1.941222247480488079e+02 6.884140334924604421e-02 1.616162764264605700e+00
1.943891414715465658e+02 7.770705463362885534e-02 1.804690459953019577e+00
1.945302341441236536e+02 7.922255057967719782e-02 2.025877093278775298e+00
1.945470940365234469e+02 9.308933848601955163e-02 1.936728044252481684e+00
1.937109570356899155e+02 5.686898537546412197e-02 1.878419337728271632e+00
1.933716753807683517e+02 4.114571493521254619e-02 1.736834128968705038e+00
1.943039705993786583e+02 1.000227324391907285e-01 1.913692505872546690e+00
1.936703038569371813e+02 7.789649162688490336e-02 1.534401757975297320e+00
1.944964764719254333e+02 9.343032507388042418e-02 1.538569371826930432e+00
1.962074335076153773e+02 2.067894218382965721e-01 1.949950746381753364e+00
1.945640675911191977e+02 7.342577858604228125e-02 1.532772599833295502e+00
1.932765780101538269e+02 6.274153216640145081e-02 1.298931575358035939e+00
1.963525801318481570e+02 1.753807683564446440e-01 2.247745699780252959e+00
1.975738804273698577e+02 2.642646055921800685e-01 2.191899674168371615e+00
1.964124422217170434e+02 1.655679321057816067e-01 1.952072440706221101e+00
1.959495718723952393e+02 9.426384784420702156e-02 1.692051223762976342e+00
1.962520269758278459e+02 1.238539061908009442e-01 1.708153368189740062e+00
1.972932484655603673e+02 2.123209820413730353e-01 1.799007350155338303e+00
1.977172842312646708e+02 2.248238235962718712e-01 1.901606425702811354e+00
1.969267636584072250e+02 1.495036750776691792e-01 1.815109494582102023e+00
1.963949003561415338e+02 1.504129726452981819e-01 1.503371978479957516e+00
1.986207850269000517e+02 2.626354474501780834e-01 1.719746912177009923e+00
1.987087595665681476e+02 2.327801773130256935e-01 2.283625066302947815e+00
1.973525422444494950e+02 1.385921042661210911e-01 1.790293248465560261e+00
1.962075850572099682e+02 1.312419489277866225e-01 2.006327195574751698e+00
1.948407213760703200e+02 1.291581420019701498e-01 1.872622565734636702e+00
1.942565355762673391e+02 1.085852845343638767e-01 1.592369477911646625e+00
1.941061604910206881e+02 1.360157611578388936e-01 1.618814882170190206e+00
1.936299537773736574e+02 9.066454497234219256e-02 1.810449344548003436e+00
1.926127150109873583e+02 5.705842236872016304e-02 1.891490490262938584e+00
1.929785178449647560e+02 9.877244828370083940e-02 1.593316662877926726e+00
1.934000909297567716e+02 1.051375312571038861e-01 1.547056149124801161e+00
1.929484731378343554e+02 6.861407895733878659e-02 1.729673410623626673e+00
1.922694930666060600e+02 5.455785405774039865e-02 1.335682352049708310e+00
1.927374782147457779e+02 8.604228233689474592e-02 1.734333560657725259e+00
1.936370008335227624e+02 1.159354398726983454e-01 1.729294536637114410e+00
1.934443434113813680e+02 9.062665757369099684e-02 1.814238084413124286e+00
1.936618170796393201e+02 7.471395014018337999e-02 1.642229294536637019e+00
1.938248086686368197e+02 7.577479730241722111e-02 1.384822308100325916e+00
1.938177994998863483e+02 8.482988558005608026e-02 1.357657043267409325e+00
1.933262862771842094e+02 5.838448132151246445e-02 1.418049556717435822e+00
1.942110706978858730e+02 8.482988558005608026e-02 1.296696218837614545e+00
1.957542623323482474e+02 2.198226869743123424e-01 1.579411987572933329e+00
1.946147230431158732e+02 1.344244904144881458e-01 1.471167689626430297e+00
1.934496855345911968e+02 5.838448132151246445e-02 1.485261801924679936e+00
1.943988785329999303e+02 8.740622868833826387e-02 1.451920891111616374e+00
1.938132530120481931e+02 5.213306054406304652e-02 1.497991967871485919e+00
1.939562779419565004e+02 6.603773584905660299e-02 1.410509964385845194e+00
1.971749261195726319e+02 1.351443509888611005e-01 1.755171629915889930e+00
1.959882927938167825e+02 1.269606728802000484e-01 1.834053193907706270e+00
1.963174964006971379e+02 1.369629461241191060e-01 1.713684928392816609e+00
1.962640751685989358e+02 1.385542168674698815e-01 1.636280972948397361e+00
1.944641964082746028e+02 6.596196105175418378e-02 1.464688944457073649e+00
1.930878229900735050e+02 3.796317344851102282e-02 1.662385390619080194e+00
1.930015533833447137e+02 1.207471395014018400e-01 1.959649920436462800e+00
1.933318936121845866e+02 1.133212093657649522e-01 2.119837841933772893e+00
1.913576949306660708e+02 4.656361294233538062e-02 1.678298098052587672e+00
1.908872092142153463e+02 3.572781692808971871e-02 1.379972721072971087e+00
1.926267333484883011e+02 8.933848601954989810e-02 1.461354853375767204e+00
1.937891945139046754e+02 1.302947639615064102e-01 1.846556035462605161e+00
1.936599227097067626e+02 1.114268394332045137e-01 1.930628173069637077e+00
1.932572175494430553e+02 8.884594983708418714e-02 1.756384026672728638e+00
1.924508600439493762e+02 6.702280821398802491e-02 1.513639463514435013e+00
1.928464044858679927e+02 6.899295294385086874e-02 1.701674623020383414e+00
1.931781465484579883e+02 9.873456088504962980e-02 1.702849132378570829e+00
1.933677350913086173e+02 1.068424641964082766e-01 1.618701219974236549e+00
1.931928089717360137e+02 9.968174585132984211e-02 1.413578843676593255e+00
1.934248692884746674e+02 9.130863074941274193e-02 1.436121845874062330e+00
1.958505342123209800e+02 2.433128741380616855e-01 1.838978555732363462e+00
1.956186254451769457e+02 1.839054330529665826e-01 1.638213230279609078e+00
1.933314768507994188e+02 4.773812230052284361e-02 1.549973478820944051e+00
1.954641964082746028e+02 1.751534439645373864e-01 1.683791770857012926e+00
1.977766158975524604e+02 3.542850647874516978e-01 2.033795559596878189e+00
1.955276199136167179e+02 1.190043191634462399e-01 1.643252254300219706e+00
1.960184890505418025e+02 1.802682427824505440e-01 1.768356444646510539e+00
1.970799045237554026e+02 2.236114268394331916e-01 1.617337273622793115e+00
1.946769341517011469e+02 6.728802000454649213e-02 1.316738652724104064e+00
1.969288095779343735e+02 1.880351595059483183e-01 1.845457300901720110e+00
1.988514813972872730e+02 3.283321967113738138e-01 1.808327650223535699e+00
1.958164734409335495e+02 9.233159051299537345e-02 1.782905205728574582e+00
1.962569523376525069e+02 1.072971129802227780e-01 1.831666287792680148e+00
1.999484352504356934e+02 4.335076153671288957e-01 2.160945669470334174e+00
1.964940516784117506e+02 1.830719102826399991e-01 1.883041600363718926e+00
1.911837159960597035e+02 3.409865878608774742e-02 1.336364325225430028e+00
1.956111616276426446e+02 2.477078123816018884e-01 1.905774039554444244e+00
1.963827385011745150e+02 2.946124119117981555e-01 1.943661438205652736e+00
1.925415245889217317e+02 3.712965067818443932e-02 1.351519284685913425e+00
1.953904675304993646e+02 2.193301507918466453e-01 1.679586269606728743e+00
1.971111237402439826e+02 3.783435629309691572e-01 2.175229218761839611e+00
1.925160642570281198e+02 5.050390240206107523e-02 1.504698037432749880e+00
1.938493597029628006e+02 1.219216488595892961e-01 1.562324770781238215e+00
1.977053875880882003e+02 4.320300068197317489e-01 2.164469197544896417e+00
1.955670985830113011e+02 1.959915132227021406e-01 1.836288550428127664e+00
1.928031749640069847e+02 7.126619686292338940e-02 1.929112677123588693e+00
1.946727665378494976e+02 1.897779798439039045e-01 2.235773281806471058e+00
1.961402212624081187e+02 2.307721451845116400e-01 2.660642570281124719e+00
1.945142835492915196e+02 1.232098204137303948e-01 2.557816170341744133e+00
1.948985754338107199e+02 1.545426990982799176e-01 2.363719027051602417e+00
1.951559824202470281e+02 1.748503447753277373e-01 2.867166780328862519e+00
1.953225354247177279e+02 1.704932939304387440e-01 3.251345002652117788e+00
1.957679396832613463e+02 2.009926498446616694e-01 3.314010760021216750e+00
1.959069106615139901e+02 1.695839963628097413e-01 3.585966507539592119e+00
1.950468288247328985e+02 1.317344851102523196e-01 3.428430703947866753e+00
1.952681291202545992e+02 1.254451769341516920e-01 3.291884519208911009e+00
1.957885883155262547e+02 1.815943017352428523e-01 2.913389406683337235e+00
1.948034401757975331e+02 1.228688338258695223e-01 2.808971736000606345e+00
1.950309918920966936e+02 1.617034174433583382e-01 2.681480639539289168e+00
1.968170038645146747e+02 2.369099037660074292e-01 2.997423656891717858e+00
1.961771614760930618e+02 1.891717814654845786e-01 3.070925210275062600e+00
1.921730317496400744e+02 8.138213230279608967e-02 2.627112222474804692e+00
1.921739789346063390e+02 1.021444267636584108e-01 2.907365310297794991e+00
1.914543456846252809e+02 7.838902780935061432e-02 2.572251269227854742e+00
1.913791770857012864e+02 7.266803061301811695e-02 2.579298325376979673e+00
1.916936803819049828e+02 8.850496324922331459e-02 2.554860953246949951e+00
1.908208304917784233e+02 5.107221338182920539e-02 2.447677502462680899e+00
1.911383268924755612e+02 6.096082442979464805e-02 2.088012427066757493e+00
1.920275820262180844e+02 9.263468970220505028e-02 2.203531105554292768e+00
1.908518223838751169e+02 4.830643328029097378e-02 2.077631279836326339e+00
1.896825414867015240e+02 3.421232098204137623e-02 1.739448359475638473e+00
1.911890202318708702e+02 7.335000378873986204e-02 2.340797150867621301e+00
1.914788588315526283e+02 8.895961203303781595e-02 2.202167159202849334e+00
1.897848374630597732e+02 3.148442827915435421e-02 1.724975373190876793e+00
1.914712434644237362e+02 7.107675986966735526e-02 1.963628097294839669e+00
1.924239599909070364e+02 1.090778207168295877e-01 1.987913919830264442e+00
1.920709252102750497e+02 6.865196635598999619e-02 1.796393119648404868e+00
1.919304766234750446e+02 6.956126392361899891e-02 1.581495794498749774e+00
1.927934757899522538e+02 9.396074865499734474e-02 1.755664166098355627e+00
1.933303781162385349e+02 1.162385390619080083e-01 1.977153898613321248e+00
1.922841554898840570e+02 7.028112449799196748e-02 1.802455103432598404e+00
1.931559066454497327e+02 9.528680760778965309e-02 1.532280063650829804e+00
1.942745320906266500e+02 1.596196105175418656e-01 1.754375994544214556e+00
1.933786466621201896e+02 9.399863605364855434e-02 1.714253239372584670e+00
1.942608926271122129e+02 1.492763506857619216e-01 1.827195574751837581e+00
1.947469879518072275e+02 1.461695839963628174e-01 1.958740622868833769e+00
1.924449874971584507e+02 5.262559672652875747e-02 1.524247935136773480e+00
1.946237402439948596e+02 1.452223990300826051e-01 1.916723497764643458e+00
1.963245434568462429e+02 2.528604985981662279e-01 1.891452602864287291e+00
1.918171933015079276e+02 3.307569902250511590e-02 1.494619989391528403e+00
1.919197544896567535e+02 4.701826172614988197e-02 1.332992346745472512e+00
1.924173675835417043e+02 2.020534970068955105e-01 1.832272486171099501e+00
1.893085170872167851e+02 5.315602030764567804e-02 1.761385163294688194e+00
1.887770705463362901e+02 3.057513071152534803e-02 1.759149806774266800e+00
1.892560809274835094e+02 6.205955899067969878e-02 1.754035007956353809e+00
1.890250814579071061e+02 4.330529665833143804e-02 1.632568007880578875e+00
1.882929832537697905e+02 2.587709327877547871e-02 1.795180722891566161e+00
1.889210805486095239e+02 3.640979010381147074e-02 1.885655830870652361e+00
1.881357884367659210e+02 2.993104493445479866e-02 1.406607562324770688e+00
1.863081003258316173e+02 9.850723649314238693e-04 1.385655830870652361e+00
1.861050617564598042e+02 2.690005304235811110e-03 1.409524892020913800e+00
1.878204895051905794e+02 2.583920588012426911e-02 1.506857619155868688e+00
1.883847844207016635e+02 2.015609608244297787e-02 1.467833598545123852e+00
1.860071607183450908e+02 1.515495946048344268e-04 1.301545805864969374e+00
1.873391679927256064e+02 1.015382283852390641e-02 1.450367507766916697e+00
1.892557399408956655e+02 3.781162385390619135e-02 1.488444343411381432e+00
1.880349321815564281e+02 1.553383344699552950e-02 1.210919148291278225e+00
1.874590437220580554e+02 1.204819277108433798e-02 1.321171478366295338e+00
1.881565128438281533e+02 2.004243388648935253e-02 1.362051981510949528e+00
1.885570584223687263e+02 1.636735621732211821e-02 1.454421459422596152e+00
1.884097901038114742e+02 1.060847162233840950e-02 1.539365007198605806e+00
1.885343259831780074e+02 1.129044479806016500e-02 1.502159581723118809e+00
1.887335000378874099e+02 1.322270212927180444e-02 1.136470409941653381e+00
1.885485337576722031e+02 6.061983784193376856e-03 1.549443055239827283e+00
1.898915283776615865e+02 2.102750625142077792e-02 1.603470485716450789e+00
1.908181025990755586e+02 3.265893763734181721e-02 1.405963476547700264e+00
1.916073350003788676e+02 4.811699628703493270e-02 1.756080927483518961e+00
1.914020989618852866e+02 3.811472304311586123e-02 1.755777828294309284e+00
1.904068727741153282e+02 1.435932408880806303e-02 1.414526028642873356e+00
1.917488823217397851e+02 3.894824581344245168e-02 1.567325907403197771e+00
1.956526862165643763e+02 9.979540804728347092e-02 2.503447753277260102e+00
1.941792452830188722e+02 8.971736000606198025e-02 1.612525573994089578e+00
1.931800030309918839e+02 4.254754868530726680e-02 1.659619610517541810e+00
1.939996211260134942e+02 9.930287186481775996e-02 1.933393953171175239e+00
1.951411305599757497e+02 1.279836326437826799e-01 1.931234371448056431e+00
1.903897476699249864e+02 3.747063726604531186e-02 1.756573463665984658e+00
1.897672198226869682e+02 2.402061074486625675e-02 1.887019777222096018e+00
1.896922027733575931e+02 5.686898537546412197e-02 1.867053118132909084e+00
1.887128514056225015e+02 2.227779040691066012e-02 1.727324391907251622e+00
1.880422444494961098e+02 1.318481473062059484e-02 1.901000227324392000e+00
1.880597863150716194e+02 1.447298628476168837e-02 1.701560960824429758e+00
1.887737364552549764e+02 2.504357050844888827e-02 1.938054103205273826e+00
1.882145942259604396e+02 1.201030537243312837e-02 1.866977343335606498e+00
1.875690308403424922e+02 8.827763885731605004e-03 1.595286807607789736e+00
1.897033037811623899e+02 5.315602030764567804e-02 1.889141471546563533e+00
1.901993256043040219e+02 6.096082442979464805e-02 2.127907857846480066e+00
1.885482306584829928e+02 1.572327044025157231e-02 1.783435629309691572e+00
1.895337955595968822e+02 4.099416534060771472e-02 1.890164431310146220e+00
1.898774342653633482e+02 4.550276578010153949e-02 1.984087292566492300e+00
1.888848223081003255e+02 1.670834280518299769e-02 1.952489202091384435e+00
1.885655830870652494e+02 1.644313101462453741e-02 1.557854057740395648e+00
1.897195953625823961e+02 3.557626733348488030e-02 1.696446162006516545e+00
1.899070243237099476e+02 3.004470713040842747e-02 1.484390391755701977e+00
1.882119799954535040e+02 4.016064257028112081e-03 1.359210426612108780e+00
1.878588315526255883e+02 6.061983784193376856e-03 1.244525270894900393e+00
1.883515950594832020e+02 6.327195574751837137e-03 1.428544366143820632e+00
1.874595362582405187e+02 1.326058952792301187e-03 1.053118132908994475e+00
1.881755702053497146e+02 8.070015912707433764e-03 1.268697431234371509e+00
1.908129499128589828e+02 3.906190800939607355e-02 1.576797757065999894e+00
1.890932030006819673e+02 9.812836250663028656e-03 1.497802530878229899e+00
1.896632946881867099e+02 2.235356520421307933e-02 1.423088580738046449e+00
1.918869061150261359e+02 7.922255057967719782e-02 1.764075168598923993e+00
1.910733500037887325e+02 3.265893763734181721e-02 1.709327877547927477e+00
1.921488974766992612e+02 6.349928013942562899e-02 1.944381298780025746e+00
1.934099795408047271e+02 1.010456922027733601e-01 1.942562703644767685e+00
1.932017125104190427e+02 7.403197696446162102e-02 1.582632416458285896e+00
1.941769720390998089e+02 1.171857240281882206e-01 1.981321512464954138e+00
1.954594604834431948e+02 1.994013791013108938e-01 2.068955065545199812e+00
1.940376979616579547e+02 7.111464726831855099e-02 1.754944305523982617e+00
1.947742668788361016e+02 1.173372736227930591e-01 1.501363946351443435e+00
1.951375312571038876e+02 1.792452830188679125e-01 1.619269530954004610e+00
1.938071152534666908e+02 1.460180344017579790e-01 2.037015988482230977e+00
1.914235811169205022e+02 8.846707585057210499e-02 1.822800636508297378e+00
1.901739031598090435e+02 4.345684625293627645e-02 2.021520042433886388e+00
1.902058422368720301e+02 5.088277638857315738e-02 2.090096233992574160e+00
1.902288777752519593e+02 3.156020307645677342e-02 1.933886489353640936e+00
1.889474122906721334e+02 1.621580662271728326e-02 1.847806319618094939e+00
1.906437826778813474e+02 4.341895885428506685e-02 1.886678790634235048e+00
1.913166628779268024e+02 5.486095324695006159e-02 2.512048192771084487e+00
1.895771387436538475e+02 1.682200500113662303e-02 1.913048420095476265e+00
1.902096309767371451e+02 4.501022959763582854e-02 2.296696218837614545e+00
1.904957187239524217e+02 7.213760703190119639e-02 2.245927104644994898e+00
1.897175873304538811e+02 3.296203682655148709e-02 2.254565431537470577e+00
1.903748958096537081e+02 4.163825111767825715e-02 2.178639084640448420e+00
1.915816473440933407e+02 7.285746760627415108e-02 2.402364173675835435e+00
1.913829658255664299e+02 4.758657270591801214e-02 2.396794726074107817e+00
1.917092521027506393e+02 5.459574145639160131e-02 2.306887929074789678e+00
1.920147381980753210e+02 5.330756990225050951e-02 1.947071304084261545e+00
1.920728195802076357e+02 4.372205804349473673e-02 2.122186860650147722e+00
1.922657801015382404e+02 5.512616503750852187e-02 2.041221489732515160e+00
1.943525043570508331e+02 5.936955368644388636e-02 2.769606728802000539e+00
1.920442903690232583e+02 3.057513071152534803e-02 1.852504357050844819e+00
1.920467530499356030e+02 3.860725922558157219e-02 1.819163446237781256e+00
1.930414109267257743e+02 7.202394483594756758e-02 2.109987118284458507e+00
1.925233007501705060e+02 5.353489429415776019e-02 1.708380692581647375e+00
1.914815109494581975e+02 2.701371523831173904e-02 1.603811472304311536e+00
1.926813669773433446e+02 4.497234219898461893e-02 1.885049632492233007e+00
1.938576570432674089e+02 5.152686216564370675e-02 1.711979995453512204e+00
1.934243767522921758e+02 4.648783814503296141e-02 1.498067742668788283e+00
1.945811926953095394e+02 6.599984845040539339e-02 1.557513071152534678e+00
1.951632568007880479e+02 1.093051451087368314e-01 1.764075168598923993e+00
1.936937561567022783e+02 6.312040615291354684e-02 1.506630294763961597e+00
1.935488747442600470e+02 8.426157460028795010e-02 1.534970068955065603e+00
1.936471925437599566e+02 9.445328483746305570e-02 2.082367204667727734e+00
1.909723043115859582e+02 3.565204213078729950e-02 1.820110631204061580e+00
1.901399939380162039e+02 3.883458361748882287e-02 2.255702053497006698e+00
1.909785178449647560e+02 5.857391831476850552e-02 2.085473971357126644e+00
1.891194589679472529e+02 1.204819277108433798e-02 2.049859816624990394e+00
1.878673562173221114e+02 8.600439493824354326e-03 1.967037963173448478e+00
1.890311055542926510e+02 1.932257331211639090e-02 2.079563537167538279e+00
1.893507236493142329e+02 1.470031067666893905e-02 2.521974691217701015e+00
1.886090778207168341e+02 3.750852466469652233e-03 2.622035311055542994e+00
1.887578995226187715e+02 3.258316284003940407e-03 2.840304614685155826e+00
1.881022202015609537e+02 7.577479730241721070e-04 2.984655603546260583e+00
1.890482306584829928e+02 5.683109797681291236e-03 2.964385845267863751e+00
1.901708342805183065e+02 1.382890050769114247e-02 3.808479199818140426e+00
1.889921951958778550e+02 4.167613851632947022e-03 3.554633628855042637e+00
1.889496097597939013e+02 1.667045540653178722e-03 3.720618322345987661e+00
1.899381677654012321e+02 6.365082973403045873e-03 4.034439645373948835e+00
1.897551337425172449e+02 3.637190270516026461e-03 4.764075168598924215e+00
1.897563840266727198e+02 4.546487838145033076e-04 4.816170341744335559e+00
1.908739865120860770e+02 9.130863074941274887e-03 4.529173296961430673e+00
1.912837766158975512e+02 1.401833750094718528e-02 4.825642191407138348e+00
1.893751610214442564e+02 3.788739865120860671e-05 4.661324543456846214e+00
1.889977267560809366e+02 0.000000000000000000e+00 4.494960975979389595e+00
1.907940441009320409e+02 1.435932408880806303e-02 4.209062665757369537e+00
1.907939683261347170e+02 8.903538683034022475e-03 4.223914526028642591e+00
1.889526407516859763e+02 0.000000000000000000e+00 3.628627718420853299e+00
1.906274532090626792e+02 1.602636962946124219e-02 3.836288550428127664e+00
1.908916799272562059e+02 1.197241797378192051e-02 3.555505039024020597e+00
1.889786693945593754e+02 0.000000000000000000e+00 2.984579828748957997e+00
1.910080700159126934e+02 5.645222399030082501e-03 3.193453057513071069e+00
1.932044782905205693e+02 4.807910888838372310e-02 3.611805713419716568e+00
1.900001136621959574e+02 4.925361824657119346e-04 2.581041145714935148e+00
1.889293021141168367e+02 3.788739865120860671e-05 2.253390922179283162e+00
1.914748806546942603e+02 6.391604152458892074e-02 2.696825035993028585e+00
1.903356444646510681e+02 3.182541486701523370e-02 2.837387284989012493e+00
1.854430931272258931e+02 0.000000000000000000e+00 2.190649390012881614e+00
1.875308782299007362e+02 4.319163446237781097e-03 2.122300522846101600e+00
1.890833901644313073e+02 1.845116314313859085e-02 2.028188224596499278e+00
1.851774266878836102e+02 0.000000000000000000e+00 1.560657725240584881e+00
1.856102523300750136e+02 0.000000000000000000e+00 1.431537470637266107e+00
1.883396984163067316e+02 1.250284155489884107e-02 1.903046146851557152e+00
1.864085019322573373e+02 0.000000000000000000e+00 1.714139577176631013e+00
1.845574372963552321e+02 0.000000000000000000e+00 1.260930514510873790e+00
1.876063499280139411e+02 3.675077669167234762e-03 1.948927786618170899e+00
1.877479730241721541e+02 3.599302871864817725e-03 1.868227627491096499e+00
1.844258164734409320e+02 0.000000000000000000e+00 1.481018413275744461e+00
1.864203606880351458e+02 1.894369932560430268e-04 1.535121618549670330e+00
1.884816246116541549e+02 1.197241797378192051e-02 1.468780783511404175e+00
1.870095097370614496e+02 0.000000000000000000e+00 1.332802909752216491e+00
1.876162385390618965e+02 0.000000000000000000e+00 1.358793665226945446e+00
1.898456467378949810e+02 7.501704932939304467e-03 1.752216412821095748e+00
1.877981359399863663e+02 0.000000000000000000e+00 1.176138516329468864e+00
1.877535803591725312e+02 0.000000000000000000e+00 1.301886792452830122e+00
1.887422899143744814e+02 5.304235811169205617e-04 1.285405774039554361e+00
1.874524892020913853e+02 0.000000000000000000e+00 1.108054860953247012e+00
1.884707509282412730e+02 7.198605743729635884e-04 1.407024323709934022e+00
1.901230961582177770e+02 3.182541486701522936e-03 1.287413806168068442e+00
1.897231946654542583e+02 3.902402061074486742e-03 1.239372584678335887e+00
1.894447980601651977e+02 7.956353716753807341e-04 1.260665302720315184e+00
1.907452830188679229e+02 7.236493142380844186e-03 1.247063726604531242e+00
1.917188376146093844e+02 1.765552777146321001e-02 1.378419337728271632e+00
1.918270061377585876e+02 1.890581192695309568e-02 1.503144654088050425e+00
1.914979919678714850e+02 1.416988709555202022e-02 1.252026975827839728e+00
1.918296961430628187e+02 1.742820337955595933e-02 1.310032583162840103e+00
1.908343562930969028e+02 1.602636962946124219e-02 1.451428354929150455e+00
1.895590285670985793e+02 1.780707736606804495e-02 1.629953777373645440e+00
1.886099871182844652e+02 1.223762976434038079e-02 1.480677426687883713e+00
1.883744790482685403e+02 5.607335000378873766e-03 1.263468970220504639e+00
1.875373569750700824e+02 1.174509358187466896e-03 1.155073122679396880e+00
1.861626127150109937e+02 0.000000000000000000e+00 1.239410472076987180e+00
1.866106690914601813e+02 0.000000000000000000e+00 1.300750170493294000e+00
1.872320603167386537e+02 8.335227703265893611e-04 1.418845192089111196e+00
1.865916117299386201e+02 0.000000000000000000e+00 1.428847465333030309e+00
1.853311737516102085e+02 0.000000000000000000e+00 1.640221262408123160e+00
1.869156626506023997e+02 1.439721148745927177e-03 1.571038872471016035e+00
1.880431158596650789e+02 6.668182162612714889e-03 1.776009699174054601e+00
1.860508827763885620e+02 0.000000000000000000e+00 1.780935060998711794e+00
1.860155717208456565e+02 0.000000000000000000e+00 2.052474047131923829e+00
1.888352277032659003e+02 4.394938243540198568e-03 2.610479654466924426e+00
1.900222399030082556e+02 1.697355459574145797e-02 2.551413199969690293e+00
1.888673562173221114e+02 7.577479730241721070e-04 2.963097673713722902e+00
1.881494279002803580e+02 1.515495946048344268e-04 2.771122224748048701e+00
1.903971736000606256e+02 3.478063196180949945e-02 3.207850269000530385e+00
1.898947488065469429e+02 1.496552246722739933e-02 2.727286504508600551e+00
1.891929984087292667e+02 3.561415473213608990e-03 2.685117829809805290e+00
1.896976964461620128e+02 7.047056149124801376e-03 2.998787603243161293e+00
1.893489050541789709e+02 5.152686216564370675e-03 3.388876259756005371e+00
1.897678639084640508e+02 7.160718345078426715e-03 3.173259074031976823e+00
1.919096764416155168e+02 4.701826172614988197e-02 3.019966659089186933e+00
1.904567704781389637e+02 1.004016064257028107e-02 2.951542017125104334e+00
1.902661210881260843e+02 4.319163446237781097e-03 2.924263090096233864e+00
1.914617337273622866e+02 2.564976888686822803e-02 2.775327725998332884e+00
1.913645525498219229e+02 1.765552777146321001e-02 2.553875880882018556e+00
1.910919527165264924e+02 3.720542547548685158e-02 2.953436387057664536e+00
1.912759718117754062e+02 4.656361294233538062e-02 2.900697128135182101e+00
1.885234144123664350e+02 5.001136621959536600e-03 2.572705918011669368e+00
1.872294839736303800e+02 1.780707736606804495e-03 2.459119496855346032e+00
1.896472304311585901e+02 3.944078199590816264e-02 2.214935212548306609e+00
1.891783359854512412e+02 2.163370462984011422e-02 2.031446540880503360e+00
1.864471091914829231e+02 0.000000000000000000e+00 1.913654618473895619e+00
1.879548382208077726e+02 7.577479730241721341e-05 2.327309236947791238e+00
1.892560809274835094e+02 2.758202621807986574e-02 2.125331514738197924e+00
1.878473137834356237e+02 3.409865878608774915e-03 2.185307266803061310e+00
1.872596802303553716e+02 0.000000000000000000e+00 1.587292566492384704e+00
1.892222095930893317e+02 2.761991361673107534e-02 1.660983556868985467e+00
1.899913995605061814e+02 2.254300219746912040e-02 1.573728877775252055e+00
1.886121845874062330e+02 2.121694324467682247e-03 1.405092066378722526e+00
1.908593240888080516e+02 4.152458892172463528e-02 1.509926498446616749e+00
1.935460710767598584e+02 4.690459953019626010e-02 2.150905508827763768e+00
1.898877017503978095e+02 1.515495946048344268e-04 1.591839054330529635e+00
1.902182314162309638e+02 8.145790710009851235e-03 1.402932484655603496e+00
1.926962567250132565e+02 6.433280290975221249e-02 1.764113055997575286e+00
1.916205955899067988e+02 2.394483594756384101e-02 1.722853678866409055e+00
1.898246192316435668e+02 2.386906115026142094e-03 1.669849208153368236e+00
1.920385314844282902e+02 3.046146851557171922e-02 1.980942638478442097e+00
1.929691596574979258e+02 5.209517314541183691e-02 1.901151776918996728e+00
1.917611578389027898e+02 1.735242858225354359e-02 1.699136167310752343e+00
1.914679851481397179e+02 8.297340304614684442e-03 2.022846101386678974e+00
1.914533984996590164e+02 1.405622489959839315e-02 2.243237099340759322e+00
1.914064560127301604e+02 1.867848753504584500e-02 2.162158066227172881e+00
1.909018716374933717e+02 3.553837993483367763e-02 2.418807304690460125e+00
1.895310676668939891e+02 5.948321588239751517e-03 2.546563612942335464e+00
1.881985299689323199e+02 1.212396756838675415e-03 2.273395468667121389e+00
1.882900659240736445e+02 6.819731757217549831e-03 2.346215048874744191e+00
1.885297416079411903e+02 1.769341517011441961e-02 2.153027203152231728e+00
1.883201864060013691e+02 2.993104493445480126e-03 2.123626581798893742e+00
1.867738880048495957e+02 0.000000000000000000e+00 1.936690156853830391e+00
1.857238008638326789e+02 0.000000000000000000e+00 1.959422596044555487e+00
1.886881488217019012e+02 1.632946881867090860e-02 2.338448132151246472e+00
1.893204137303932839e+02 2.583920588012426911e-02 2.058043494733651446e+00
1.832020156096082530e+02 0.000000000000000000e+00 1.430666060468288148e+00
1.861248768659543771e+02 0.000000000000000000e+00 1.616693187845722468e+00
1.935495188300371296e+02 9.286201409411229402e-02 2.304122148973251516e+00
1.874636659846934776e+02 6.440857770705463343e-04 1.711146472683185538e+00
1.858848980828976210e+02 0.000000000000000000e+00 1.362733954686671245e+00
1.905922558157157027e+02 3.190118966431764597e-02 1.748351898158672535e+00
1.896465863453815359e+02 1.019171023717511601e-02 1.763127983632643891e+00
1.868410244752595304e+02 0.000000000000000000e+00 1.306319618095021617e+00
1.887893460634992664e+02 9.168750473592482755e-03 1.380313707660832057e+00
1.900942259604455558e+02 2.083806925816473338e-02 1.475448965674016844e+00
1.879434341138137370e+02 0.000000000000000000e+00 1.273206031673865368e+00
1.895287944229749257e+02 3.409865878608774915e-03 1.512540728953549962e+00
1.911773509130863147e+02 1.579904523755398804e-02 1.715920284913237781e+00
1.892089490035614290e+02 9.092975676290066152e-04 1.754716981132075526e+00
1.897821474577555421e+02 5.152686216564370675e-03 1.830075017049329400e+00
1.909704478290520626e+02 2.500568310979768213e-02 1.923278017731302469e+00
1.907914298704251053e+02 1.185875577782829517e-02 1.603811472304311536e+00
1.907108054860953246e+02 2.727892702887019846e-03 1.661059331666287830e+00
1.907437296355232377e+02 8.183678108661059103e-03 1.921989846177161398e+00
1.896626506024096273e+02 4.735924831401076320e-03 2.048495870273546959e+00
1.888507236493142329e+02 6.137758581495794327e-03 1.964992043646283326e+00
1.887954838220807687e+02 4.925361824657119129e-03 2.157497916193074072e+00
1.876035462605137525e+02 0.000000000000000000e+00 1.674244146396908439e+00
1.875750549367280371e+02 4.546487838145033076e-04 1.703682655148897496e+00
1.874840872925664996e+02 2.576343108282185337e-03 1.591535955141319958e+00
1.860689929529438587e+02 0.000000000000000000e+00 1.752216412821095748e+00
1.849586269606728877e+02 0.000000000000000000e+00 1.601045692202773374e+00
1.867159581723119004e+02 1.515495946048344268e-04 1.808024551034326022e+00
1.852112601348791259e+02 0.000000000000000000e+00 1.755020080321285203e+00
1.846712131545048123e+02 0.000000000000000000e+00 1.637341820110631119e+00
1.867280821398802857e+02 1.136621959536258269e-04 1.655451996665908920e+00
1.862899143744790535e+02 0.000000000000000000e+00 1.680988103356823471e+00
1.859482079260438070e+02 0.000000000000000000e+00 1.863037053875880922e+00
1.880082594529059747e+02 4.584375236796241378e-03 2.115746002879442145e+00
1.870845646737894867e+02 7.577479730241721341e-05 1.866068045767977468e+00
1.860007198605743781e+02 0.000000000000000000e+00 1.918769417291808832e+00
1.889979161930741896e+02 3.485640675911191953e-03 2.404182768811093496e+00
1.887005001136622013e+02 2.159581723118890548e-03 2.145184511631431423e+00
1.863998636053648568e+02 4.925361824657119346e-04 2.004053951655679455e+00
1.895931272258846718e+02 1.022959763582632388e-02 2.196711373797075151e+00
1.926337804046374060e+02 5.565658861862544243e-02 2.846290823672046777e+00
1.878188982344472322e+02 0.000000000000000000e+00 2.126089262711222450e+00
1.875634235053421150e+02 0.000000000000000000e+00 2.161589755247404820e+00
1.918290141698871025e+02 4.258543608395847641e-02 2.683450784269151956e+00
1.911142683943320435e+02 2.004243388648935253e-02 2.312154277487307841e+00
1.885977494885201224e+02 9.471849662802152422e-04 2.197052360384935898e+00
1.906454876108206520e+02 1.367735091308630753e-02 2.332386148367052936e+00
1.906234750322042828e+02 3.409865878608774915e-03 2.434075926346896956e+00
1.893946351443509855e+02 3.788739865120860671e-05 2.071758733045389267e+00
1.903669394559369437e+02 8.221565507312268706e-03 2.196370387209214403e+00
1.914891642039857516e+02 2.008032128514056214e-02 2.291619307418352847e+00
1.893318557247859246e+02 3.409865878608774915e-03 2.098961885276956707e+00
1.873889899219519464e+02 1.136621959536258269e-04 2.386830340228839997e+00
1.884716223384102420e+02 6.668182162612714889e-03 2.359134651814806194e+00
1.879454800333409139e+02 2.879442297491854354e-03 2.275706599984844924e+00
1.856731832992346654e+02 0.000000000000000000e+00 2.221148745927104429e+00
1.860694476017276600e+02 0.000000000000000000e+00 2.151663256800787849e+00
1.870811926953095394e+02 1.742820337955595976e-03 2.409335455027657780e+00
1.860735394407819854e+02 0.000000000000000000e+00 2.239183147685079867e+00
1.863366674244146282e+02 7.577479730241721341e-05 2.337311510191710351e+00
1.880529665833144009e+02 8.562552095173144723e-03 2.205122376297643516e+00
1.873950140183374913e+02 2.879442297491854354e-03 1.912631658710312932e+00
1.856201788285216310e+02 0.000000000000000000e+00 2.157346366598469345e+00
1.877293324240357606e+02 1.420777449420322809e-02 1.599378646662120262e+00
1.880398575433810606e+02 4.660150034098658849e-03 2.351405622489959768e+00
1.849951504129726345e+02 0.000000000000000000e+00 2.083806925816473310e+00
1.870215579298325395e+02 0.000000000000000000e+00 1.657497916193074294e+00
1.896135485337576654e+02 2.333863756914450124e-02 2.023869061150261217e+00
1.881377206940971405e+02 6.478745169356672079e-03 1.644010002273244009e+00
1.882369099037660192e+02 5.114798817913161939e-03 1.789346063499280159e+00
1.885070849435477669e+02 5.645222399030082501e-03 1.794422974918542080e+00
1.859160794119875675e+02 0.000000000000000000e+00 1.807456240054557961e+00
1.849995074638175367e+02 0.000000000000000000e+00 1.802038342047435071e+00
1.870928241266954615e+02 1.742820337955595976e-03 1.935136773509130936e+00
1.872794195650526774e+02 3.030991892096688537e-04 1.935705084488898997e+00
1.864779495339849973e+02 0.000000000000000000e+00 2.185686140789573351e+00
1.883868682276275024e+02 3.902402061074486742e-03 1.996552246722740120e+00
1.893109797681291298e+02 9.358187466848525565e-03 1.845608850496324838e+00
1.879251723876638493e+02 3.788739865120860535e-04 1.804842009547624526e+00
1.909754110782753571e+02 1.883003712965067647e-02 2.138251117678260371e+00
1.918951655679321107e+02 3.027203152231567815e-02 2.196029400621353211e+00
1.898766765173903082e+02 3.447753277259983217e-03 2.005758884594983638e+00
1.901067288020004469e+02 1.219974236568917118e-02 2.225771008562551945e+00
1.887726377206940924e+02 1.337425172387663938e-02 2.337576721982268513e+00
1.851454118360233281e+02 0.000000000000000000e+00 1.805523982723346244e+00
1.864297946502993000e+02 1.894369932560430268e-04 1.822800636508297378e+00
1.877574448738349702e+02 5.342123209820413485e-03 2.196787148594377292e+00
1.842225505796772040e+02 0.000000000000000000e+00 1.814806395392892346e+00
1.823055618701220055e+02 0.000000000000000000e+00 1.684473744032734643e+00
1.834817003864514788e+02 0.000000000000000000e+00 2.061983784193377467e+00
1.842593392437675277e+02 0.000000000000000000e+00 1.674016822005001126e+00
1.844780631961809547e+02 0.000000000000000000e+00 1.860422823368947487e+00
1.838275365613396843e+02 0.000000000000000000e+00 1.737364552549822028e+00
1.826172993862241469e+02 0.000000000000000000e+00 1.549253618246571262e+00
1.816968250359930153e+02 0.000000000000000000e+00 1.436424945063272007e+00
1.827441085095097435e+02 0.000000000000000000e+00 1.734750322042888593e+00
1.828475789952262005e+02 0.000000000000000000e+00 1.578161703417443329e+00
1.825001515495945910e+02 0.000000000000000000e+00 1.611313177237250871e+00
1.845731984541941415e+02 0.000000000000000000e+00 2.460900204591952800e+00
1.833952792301280681e+02 0.000000000000000000e+00 2.301735242858225394e+00
1.837967719936349056e+02 0.000000000000000000e+00 2.293096915965749716e+00
1.841834128968704931e+02 0.000000000000000000e+00 2.140069712813518432e+00
1.840022353565204298e+02 0.000000000000000000e+00 1.788323103735697472e+00
1.828354171402591533e+02 0.000000000000000000e+00 1.817610062893081802e+00
1.829590058346593935e+02 0.000000000000000000e+00 2.080283397741911067e+00
1.850650147760854622e+02 0.000000000000000000e+00 1.823709934075926409e+00
1.852639236190043164e+02 0.000000000000000000e+00 1.985072364931423916e+00
1.854589679472607315e+02 0.000000000000000000e+00 1.602902174736682506e+00
1.875832386148367164e+02 0.000000000000000000e+00 1.935477760096991684e+00
1.872888156399181696e+02 0.000000000000000000e+00 1.909827991210123477e+00
1.827043267409259784e+02 0.000000000000000000e+00 1.699931802682427717e+00
1.818928165492157234e+02 0.000000000000000000e+00 1.602599075547472829e+00
1.826774645752822721e+02 0.000000000000000000e+00 1.696294612411911817e+00
1.833947109191482809e+02 0.000000000000000000e+00 1.771235886944002358e+00
1.829583617488823108e+02 0.000000000000000000e+00 1.523073425778586065e+00
1.823937637341820164e+02 0.000000000000000000e+00 1.833257558536030896e+00
1.828093506099871206e+02 0.000000000000000000e+00 1.581344244904144825e+00
1.844954156247632113e+02 0.000000000000000000e+00 1.750132605895279303e+00
1.848930059862089763e+02 0.000000000000000000e+00 1.778320830491778359e+00
1.835125028415548911e+02 0.000000000000000000e+00 1.785633098431461674e+00
1.834680988103356754e+02 0.000000000000000000e+00 1.807532014851860325e+00
1.868326513601575982e+02 2.045919527165264776e-03 1.749412745320906293e+00
1.864561263923619094e+02 1.288171554141092669e-03 1.712775630825187578e+00
1.836451466242327797e+02 0.000000000000000000e+00 1.689474880654694200e+00
1.841301053269682484e+02 0.000000000000000000e+00 1.827725998332954349e+00
1.879810941880730581e+02 4.243388648935364493e-03 1.848905054178979990e+00
1.891225657346366518e+02 1.007804804122148894e-02 2.025611881488217136e+00
1.858998257179661948e+02 0.000000000000000000e+00 1.800598620898689051e+00
1.863966810638781624e+02 0.000000000000000000e+00 1.748010911570811565e+00
1.877091384405546819e+02 1.098734560885049642e-03 1.664166098355686962e+00
1.853517844964764834e+02 0.000000000000000000e+00 1.577972266424187309e+00
1.855018185951352621e+02 0.000000000000000000e+00 1.933583390164431259e+00
1.865572857467606411e+02 0.000000000000000000e+00 1.955179207395620233e+00
1.855653936500719965e+02 0.000000000000000000e+00 1.687656285519436139e+00
1.841729180874441170e+02 0.000000000000000000e+00 1.661817079639311912e+00
1.842398651208607987e+02 0.000000000000000000e+00 1.698188982344472242e+00
1.833268545881639682e+02 0.000000000000000000e+00 1.587065242100477391e+00
1.814834432067894170e+02 0.000000000000000000e+00 1.405584602561188223e+00
1.808501932257331077e+02 0.000000000000000000e+00 1.642001970144729928e+00
1.793888004849586935e+02 0.000000000000000000e+00 1.779912101235129107e+00
1.782889671895127606e+02 0.000000000000000000e+00 1.569447601727665287e+00
1.780605819504432930e+02 0.000000000000000000e+00 1.477494885201181996e+00
1.778507994241115284e+02 0.000000000000000000e+00 1.302985527013715172e+00
1.766785633098431560e+02 0.000000000000000000e+00 1.194703341668561070e+00
1.767169053572781650e+02 0.000000000000000000e+00 1.236114268394332028e+00
1.772063347730544933e+02 0.000000000000000000e+00 1.284913237857088664e+00
1.773058649693112159e+02 0.000000000000000000e+00 1.392589224823823635e+00
1.769267257710085630e+02 0.000000000000000000e+00 1.221717056906872712e+00
1.766391225278472348e+02 0.000000000000000000e+00 1.453246950064408516e+00
1.764282412669546147e+02 0.000000000000000000e+00 1.338334469955292816e+00
1.763749336970523700e+02 0.000000000000000000e+00 1.140183375009471867e+00
1.759282791543532483e+02 0.000000000000000000e+00 1.053648556490111465e+00
1.764015685383041614e+02 0.000000000000000000e+00 1.375161021444267551e+00
1.772702887019777336e+02 0.000000000000000000e+00 1.352996893233310516e+00
1.776437447904826854e+02 0.000000000000000000e+00 1.149124801091157000e+00
1.782593013563688658e+02 0.000000000000000000e+00 1.160187921497310093e+00
1.785544441918617906e+02 0.000000000000000000e+00 1.208077593392437699e+00
1.775712661968629220e+02 0.000000000000000000e+00 1.217360006061983801e+00
1.799312343714480562e+02 0.000000000000000000e+00 1.615101917102371720e+00
1.792438054103205332e+02 0.000000000000000000e+00 1.269644616200651610e+00
1.792366825793741043e+02 0.000000000000000000e+00 1.264908691369250660e+00
1.796787148594377470e+02 0.000000000000000000e+00 1.380541032052739370e+00
1.806111995150413065e+02 0.000000000000000000e+00 1.202811244979919758e+00
1.816097976812912123e+02 0.000000000000000000e+00 1.313328786845495255e+00
1.813251496552246635e+02 0.000000000000000000e+00 1.258543608395847446e+00
1.805523982723346137e+02 0.000000000000000000e+00 1.285405774039554361e+00
1.800813063575054969e+02 0.000000000000000000e+00 1.293400015154959393e+00
1.784379783284079792e+02 0.000000000000000000e+00 1.177426687883609935e+00
1.796814048647419781e+02 0.000000000000000000e+00 1.391717814654845897e+00
1.802875653557626663e+02 0.000000000000000000e+00 1.149806774266878939e+00
1.784208911116162710e+02 0.000000000000000000e+00 7.357732818064711688e-01
1.785778586042282257e+02 0.000000000000000000e+00 1.167538076835644478e+00
1.802255815715693075e+02 0.000000000000000000e+00 1.086345381526104381e+00
1.807351670834280526e+02 0.000000000000000000e+00 1.136470409941653381e+00
1.816200272789270400e+02 0.000000000000000000e+00 1.139577176631052513e+00
1.807308858073804743e+02 0.000000000000000000e+00 1.286201409411229735e+00
1.790528150337197815e+02 0.000000000000000000e+00 1.122186860650147722e+00
1.797178904296430915e+02 0.000000000000000000e+00 1.263999393801621629e+00
1.832136091535955131e+02 0.000000000000000000e+00 1.159392286125634719e+00
1.831071455633856147e+02 0.000000000000000000e+00 1.217322118663332509e+00
1.798800106084716219e+02 0.000000000000000000e+00 1.073046904599530116e+00
1.819604455558081497e+02 0.000000000000000000e+00 1.167538076835644478e+00
1.825975600515268695e+02 0.000000000000000000e+00 1.177654012275517248e+00
1.791160491020686436e+02 0.000000000000000000e+00 1.028718648177616046e+00
1.804086155944532948e+02 0.000000000000000000e+00 9.637417594907933260e-01
1.829086913692505902e+02 0.000000000000000000e+00 1.062741532166401548e+00
1.814046753049935603e+02 0.000000000000000000e+00 1.150488747442600657e+00
1.813000303099189239e+02 0.000000000000000000e+00 1.077707054633628925e+00
1.821035083731150905e+02 0.000000000000000000e+00 1.080813821323028057e+00
1.803612184587406091e+02 0.000000000000000000e+00 1.056262786997044678e+00
1.830736152155793093e+02 0.000000000000000000e+00 1.111161627642646144e+00
1.858175721754944334e+02 0.000000000000000000e+00 1.079298325376979673e+00
1.810039024020610725e+02 0.000000000000000000e+00 1.172955974842767368e+00
1.787524437372130137e+02 0.000000000000000000e+00 9.449496097597939182e-01
1.805662650602409656e+02 0.000000000000000000e+00 9.913237857088732508e-01
1.802992346745472503e+02 0.000000000000000000e+00 1.027506251420777339e+00
1.785461468515571823e+02 0.000000000000000000e+00 1.208835341365461780e+00
1.787243691748124661e+02 0.000000000000000000e+00 1.284875350458437593e+00
1.782084564673789373e+02 0.000000000000000000e+00 1.200045464878381374e+00
1.780645222399029990e+02 0.000000000000000000e+00 1.295408047283473474e+00
1.794283549291505722e+02 0.000000000000000000e+00 1.202394483594756425e+00
1.776618549670379537e+02 0.000000000000000000e+00 1.161779192240660841e+00
1.782222853678866272e+02 0.000000000000000000e+00 1.073387891187391086e+00
1.800471319239221089e+02 0.000000000000000000e+00 1.032696825035993138e+00
1.802342577858604216e+02 0.000000000000000000e+00 1.054595741456391567e+00
1.791276805334545656e+02 0.000000000000000000e+00 1.137569144502538432e+00
1.807075850572099682e+02 0.000000000000000000e+00 1.357316056679548355e+00
1.826881109343032392e+02 0.000000000000000000e+00 1.574221413957717752e+00
1.810941501856482603e+02 0.000000000000000000e+00 1.295938470864590464e+00
1.798464423732666546e+02 0.000000000000000000e+00 1.203872092142153516e+00
1.815873683412896753e+02 0.000000000000000000e+00 1.184966280215200340e+00
1.811643176479502984e+02 0.000000000000000000e+00 1.217587330453891115e+00
1.799457073577328288e+02 0.000000000000000000e+00 8.990300825945291008e-01
1.823088580738046574e+02 0.000000000000000000e+00 9.981056300674395754e-01
1.823962643024929946e+02 0.000000000000000000e+00 1.217966204440403155e+00
1.802133060544063028e+02 0.000000000000000000e+00 1.350723649314238051e+00
1.811973554595741405e+02 0.000000000000000000e+00 1.360650147760854800e+00
1.801895506554519955e+02 0.000000000000000000e+00 1.276918996741683632e+00
1.773658786087747217e+02 0.000000000000000000e+00 1.948662574827612293e+00
1.774432446768204841e+02 0.000000000000000000e+00 1.576456770478138925e+00
1.775263317420625810e+02 0.000000000000000000e+00 1.395203455330757070e+00
1.760296658331438948e+02 0.000000000000000000e+00 1.572175494430552378e+00
1.763000303099189239e+02 0.000000000000000000e+00 1.168750473592483186e+00
1.774758278396605249e+02 0.000000000000000000e+00 1.239865120860801806e+00
1.765695233765249554e+02 0.000000000000000000e+00 1.297870728195802181e+00
1.755247783587178958e+02 0.000000000000000000e+00 1.212661968629233922e+00
1.762183071910282592e+02 0.000000000000000000e+00 1.051488974766992435e+00
1.769016822005001188e+02 0.000000000000000000e+00 9.856027885125406840e-01
1.772119799954535040e+02 0.000000000000000000e+00 9.559369553686444254e-01
1.781269985602788495e+02 0.000000000000000000e+00 1.368758051072213489e+00
1.775400469803743135e+02 0.000000000000000000e+00 1.270175039781768600e+00
1.761330984314616899e+02 0.000000000000000000e+00 1.038001060847162149e+00
1.781050238690611422e+02 0.000000000000000000e+00 9.038796696218837079e-01
1.785800939607486555e+02 0.000000000000000000e+00 9.776085473971357631e-01
1.782556262786997081e+02 0.000000000000000000e+00 1.232439190725164835e+00
1.790789194513904761e+02 0.000000000000000000e+00 1.090285670985830180e+00
1.793417443358339085e+02 0.000000000000000000e+00 9.538152610441766877e-01
1.779036523452299718e+02 0.000000000000000000e+00 9.118739107372887398e-01
1.777668030613018004e+02 0.000000000000000000e+00 1.063802379328635306e+00
1.783360612260362075e+02 0.000000000000000000e+00 1.093127225884670706e+00
1.778684928392816573e+02 0.000000000000000000e+00 1.097635826324164565e+00
1.766506402970371994e+02 0.000000000000000000e+00 8.512540728953550406e-01
1.777991588997499548e+02 0.000000000000000000e+00 8.894445707357733211e-01
1.784380541032052747e+02 0.000000000000000000e+00 1.017390315980904791e+00
1.786312419489277943e+02 0.000000000000000000e+00 9.951125255739941000e-01
1.806363188603470462e+02 0.000000000000000000e+00 1.196711373797075151e+00
1.812712737743426601e+02 0.000000000000000000e+00 1.267788133666742478e+00
1.789922709706751505e+02 0.000000000000000000e+00 1.422368720163673661e+00
1.805681973175721851e+02 0.000000000000000000e+00 1.359324088808062436e+00
1.812799878760324361e+02 0.000000000000000000e+00 1.267939683261347206e+00
1.795400090929756800e+02 0.000000000000000000e+00 8.196559824202470645e-01
1.802848753504584352e+02 0.000000000000000000e+00 1.140941122982495948e+00
1.814667348639842430e+02 0.000000000000000000e+00 1.071834507842691631e+00
1.805518678487535169e+02 0.000000000000000000e+00 9.881033568235204623e-01
1.805056452223990391e+02 0.000000000000000000e+00 9.038796696218837079e-01
1.825596347654770000e+02 0.000000000000000000e+00 1.190194741229067210e+00
1.822496021823141632e+02 0.000000000000000000e+00 1.289156626506024139e+00
1.823938395089793119e+02 0.000000000000000000e+00 1.028908085170872067e+00
1.830574751837538940e+02 0.000000000000000000e+00 8.296582556641660666e-01
1.837210729711298143e+02 0.000000000000000000e+00 8.491323785708873029e-01
1.838045389103584171e+02 0.000000000000000000e+00 9.295673259074032080e-01
1.836876941729180999e+02 0.000000000000000000e+00 9.919299840872926044e-01
1.840724407062211014e+02 0.000000000000000000e+00 1.357732818064711688e+00
1.822312267939683181e+02 0.000000000000000000e+00 9.231643555353489239e-01
1.815599757520648723e+02 0.000000000000000000e+00 1.022391452602864348e+00
1.817569523376525069e+02 0.000000000000000000e+00 1.118208683791770852e+00
1.810596726528756619e+02 0.000000000000000000e+00 1.187580510722133775e+00
1.809869288474653217e+02 0.000000000000000000e+00 1.027998787603243258e+00
1.814148670152307261e+02 0.000000000000000000e+00 9.770402364173675913e-01
1.812884367659316638e+02 0.000000000000000000e+00 8.909979540804728870e-01
1.801715162536940227e+02 0.000000000000000000e+00 9.946199893915284029e-01
1.805590664544972412e+02 0.000000000000000000e+00 1.092634689702205009e+00
1.816150640297037171e+02 0.000000000000000000e+00 1.040425854360839564e+00
1.801050238690611422e+02 0.000000000000000000e+00 1.159809047510797830e+00
1.804663181025990752e+02 0.000000000000000000e+00 1.191596574979161938e+00
1.828662574827612275e+02 0.000000000000000000e+00 1.345949837084185807e+00
1.839336212775630770e+02 0.000000000000000000e+00 1.259187694172918093e+00
1.833861862544517578e+02 0.000000000000000000e+00 9.640448586800030029e-01
1.855312571038872420e+02 0.000000000000000000e+00 1.624611654163825136e+00
1.847704402515723245e+02 0.000000000000000000e+00 1.398499659013412222e+00
1.832428203379556066e+02 0.000000000000000000e+00 1.218269303629612832e+00
1.835058725467909255e+02 0.000000000000000000e+00 1.337463059786315078e+00
1.843193907706296955e+02 0.000000000000000000e+00 1.250473592483140051e+00
1.836047965446692558e+02 0.000000000000000000e+00 1.370955520193983590e+00
1.840378116238539121e+02 0.000000000000000000e+00 1.306546942486928931e+00
1.839348715617185803e+02 0.000000000000000000e+00 1.374138061680685086e+00
1.797235356520421306e+02 0.000000000000000000e+00 1.272069409714329025e+00
1.779788588315526283e+02 0.000000000000000000e+00 1.145639160415245827e+00
1.803879290747897244e+02 0.000000000000000000e+00 8.965295142835493225e-01
1.885819125558839175e+02 0.000000000000000000e+00 1.176176403728119935e+00
1.901152534666969700e+02 3.030991892096688537e-04 1.438925513374251786e+00
1.819329014169886989e+02 0.000000000000000000e+00 1.172690763052208762e+00
1.763932711979995531e+02 0.000000000000000000e+00 8.621277563082518913e-01
1.788109418807304678e+02 0.000000000000000000e+00 1.178487535045843693e+00
1.833245055694476093e+02 0.000000000000000000e+00 1.435288323103735664e+00
1.852725998332954589e+02 0.000000000000000000e+00 1.356671970902477931e+00
1.832043267409259784e+02 0.000000000000000000e+00 1.106501477608547335e+00
1.812100856255209465e+02 0.000000000000000000e+00 1.016064257028112428e+00
1.824733272713495467e+02 0.000000000000000000e+00 9.846934909449117646e-01
1.863536030916117170e+02 0.000000000000000000e+00 1.299007350155338303e+00
1.858088959612032909e+02 0.000000000000000000e+00 1.496476471925437535e+00
1.826873910737288895e+02 0.000000000000000000e+00 1.134159278623929623e+00
1.814014548761082040e+02 0.000000000000000000e+00 1.101045692202773374e+00
1.842689247556262728e+02 0.000000000000000000e+00 1.314086534818519336e+00
1.877274759415018650e+02 0.000000000000000000e+00 1.485413351519284664e+00
1.867004622262635394e+02 0.000000000000000000e+00 1.506402970372054284e+00
1.812799121012351407e+02 0.000000000000000000e+00 9.265742214139577326e-01
1.811792073956202103e+02 0.000000000000000000e+00 1.143290141698870999e+00
1.806889444570735748e+02 0.000000000000000000e+00 8.938773963779647058e-01
1.803154504811699610e+02 0.000000000000000000e+00 8.629991664772296289e-01
1.812436538607259138e+02 0.000000000000000000e+00 1.289611275289838543e+00
1.824477532772599773e+02 0.000000000000000000e+00 1.174092596802303490e+00
1.827879442297491721e+02 0.000000000000000000e+00 1.310714556338561820e+00
1.830550125028415493e+02 0.000000000000000000e+00 1.284041827688110926e+00
1.838167765401227598e+02 0.000000000000000000e+00 1.645866484807153141e+00
1.836944002424793609e+02 0.000000000000000000e+00 1.353110555429264172e+00
1.841157081154807997e+02 0.000000000000000000e+00 1.328294309312722632e+00
1.840797908615594451e+02 0.000000000000000000e+00 1.165302720315223084e+00
1.842159581723119004e+02 0.000000000000000000e+00 9.327498673941047036e-01
1.828053345457300907e+02 0.000000000000000000e+00 8.853527316814427950e-01
1.802125861938319247e+02 0.000000000000000000e+00 9.180116693187845289e-01
1.847401303326513471e+02 0.000000000000000000e+00 8.992574069864363029e-01
1.897683943320451476e+02 1.515495946048344268e-04 1.511290444798060184e+00
1.861536334015306409e+02 0.000000000000000000e+00 1.349738576949306657e+00
1.821070697885883192e+02 0.000000000000000000e+00 9.802985527013715616e-01
1.813709555201939736e+02 0.000000000000000000e+00 1.130256876562855117e+00
1.850843752367962338e+02 0.000000000000000000e+00 1.168409487004622216e+00
1.872228536788664144e+02 0.000000000000000000e+00 1.211373797075092851e+00
1.837056149124801152e+02 0.000000000000000000e+00 1.123247707812381702e+00
1.831299158899749955e+02 0.000000000000000000e+00 1.087785102674850402e+00
1.833621656437069021e+02 0.000000000000000000e+00 9.239978783056754796e-01
1.833422368720163718e+02 0.000000000000000000e+00 1.069978025308782277e+00
1.839585890732742257e+02 0.000000000000000000e+00 1.229862847616882693e+00
1.844127453209062537e+02 0.000000000000000000e+00 1.619989391528377620e+00
1.809895809653709193e+02 0.000000000000000000e+00 1.527506251420777339e+00
1.811380995680836463e+02 0.000000000000000000e+00 1.511896643176479538e+00
1.856650753959233100e+02 0.000000000000000000e+00 1.360195498977040174e+00
1.864671516253694108e+02 0.000000000000000000e+00 1.574335076153671187e+00
1.837739637796468912e+02 0.000000000000000000e+00 2.417822232325528731e+00
1.808296961430628187e+02 0.000000000000000000e+00 1.798552701371523899e+00
1.817033795559596854e+02 0.000000000000000000e+00 1.516026369629461135e+00
1.816968629233916772e+02 0.000000000000000000e+00 1.698946730317496323e+00
1.814938622414184977e+02 0.000000000000000000e+00 1.557816170341744355e+00
1.835693339395317025e+02 0.000000000000000000e+00 1.674698795180722843e+00
1.827281958020762431e+02 0.000000000000000000e+00 1.860006061983784154e+00
1.814976888686822747e+02 0.000000000000000000e+00 1.392627112222474706e+00
1.833476547700234960e+02 0.000000000000000000e+00 1.676668939910585632e+00
1.827060316738652830e+02 0.000000000000000000e+00 1.397173600060619858e+00
1.817602106539364968e+02 0.000000000000000000e+00 1.632492233083276512e+00
1.837282336894748767e+02 0.000000000000000000e+00 1.753959233159051223e+00
1.835358035917253972e+02 0.000000000000000000e+00 1.628324619231643622e+00
1.834605971054027407e+02 0.000000000000000000e+00 1.492233083276502281e+00
1.849616200651663291e+02 0.000000000000000000e+00 1.680078805789194440e+00
1.834704857164506961e+02 0.000000000000000000e+00 1.323747821474577480e+00
1.832372508903538630e+02 0.000000000000000000e+00 1.425892248238235904e+00
1.843914526028642911e+02 0.000000000000000000e+00 2.171478366295370055e+00
1.831692808971735928e+02 0.000000000000000000e+00 1.481132075471698117e+00
1.814213836477987343e+02 0.000000000000000000e+00 1.745245131469273403e+00
1.821556035462605223e+02 0.000000000000000000e+00 1.981018413275744461e+00
1.824916268848980963e+02 0.000000000000000000e+00 2.100780480412214768e+00
1.825001136621959574e+02 0.000000000000000000e+00 1.458096537091763345e+00
1.832950670606956010e+02 0.000000000000000000e+00 1.436424945063272007e+00
1.832168295824808695e+02 0.000000000000000000e+00 1.483670531181329189e+00
1.812514207774494253e+02 0.000000000000000000e+00 1.779987876032431693e+00
1.814572630143214269e+02 0.000000000000000000e+00 1.603925134500265193e+00
1.820273925892248315e+02 0.000000000000000000e+00 1.396340077290293191e+00
1.815100401606425748e+02 0.000000000000000000e+00 1.362961279078578558e+00
1.820685383041600289e+02 0.000000000000000000e+00 1.495264075168598827e+00
1.837326286277184124e+02 0.000000000000000000e+00 1.613321209365764952e+00
1.811585587633553018e+02 0.000000000000000000e+00 1.522429340001515419e+00
1.812739637796468912e+02 0.000000000000000000e+00 1.378419337728271632e+00
1.862079260437978405e+02 0.000000000000000000e+00 1.868151852693794135e+00
1.851579525649768811e+02 0.000000000000000000e+00 1.942032280063650918e+00
1.796560203076456901e+02 0.000000000000000000e+00 1.213798590588770265e+00
1.847382738501174515e+02 0.000000000000000000e+00 1.363491702659695326e+00
1.853410623626581923e+02 0.000000000000000000e+00 1.440365234522997584e+00
1.827181935288323018e+02 0.000000000000000000e+00 1.273584905660377409e+00
1.875664544972342185e+02 0.000000000000000000e+00 1.551451087368341364e+00
1.880734257785860564e+02 0.000000000000000000e+00 1.527430476623474975e+00
1.802216033947109111e+02 0.000000000000000000e+00 1.170947942714253287e+00
1.836956126392362023e+02 0.000000000000000000e+00 1.360536485564901144e+00
1.891213912252784723e+02 0.000000000000000000e+00 1.995377737364552484e+00
1.846854967037963036e+02 0.000000000000000000e+00 1.641092672577100897e+00
1.814239978783056699e+02 0.000000000000000000e+00 1.615897552474047094e+00
1.836179813593998631e+02 0.000000000000000000e+00 1.783852390694854906e+00
1.834095627794195593e+02 0.000000000000000000e+00 2.017731302568765539e+00
1.829958702735470126e+02 0.000000000000000000e+00 1.841668561036599261e+00
1.854931423808441195e+02 0.000000000000000000e+00 2.102030764567704768e+00
1.825807759339243717e+02 0.000000000000000000e+00 2.046374175949079444e+00
1.790654694248692920e+02 0.000000000000000000e+00 1.823558384481321459e+00
1.841622717284231214e+02 0.000000000000000000e+00 1.997423656891717858e+00
1.860818367810866221e+02 0.000000000000000000e+00 2.526483291657194652e+00
