2.549775742298907630e+02 1.284876510337155651e+02 1.617064413438894235e+02
2.549735269405095721e+02 1.307737778251145073e+02 1.744116756014721830e+02
2.549459059656098816e+02 7.239453970958923890e+01 1.455889752783990616e+02
2.549595152720086162e+02 1.002183051088152865e+02 1.559815505141951064e+02
2.549571484361131866e+02 1.016818972556537801e+02 1.563478775399107690e+02
2.549599886391877135e+02 1.010906261464361364e+02 1.557851978083099596e+02
2.549577164767280806e+02 7.990149229003206699e+01 1.409843907172696049e+02
2.549728760606383275e+02 9.126993763387415015e+01 1.476980864131785438e+02
2.549629826865954385e+02 9.341012532396065637e+01 1.491169216932343886e+02
2.549680122128732194e+02 9.476405012958426255e+01 1.496583945752121281e+02
2.549698820132306025e+02 9.414038887113761689e+01 1.490779872427545172e+02
2.549639530893125539e+02 9.549780475970698035e+01 1.498617176128093149e+02
2.549660240707210619e+02 9.631984236872936833e+01 1.499811954888107834e+02
2.549686867611034131e+02 9.469658347238494400e+01 1.485128933385403798e+02
2.549736334481248718e+02 9.505822416302765987e+01 1.484272138791257021e+02
2.549675743482325743e+02 9.274821599744382183e+01 1.472854877457071439e+02
2.549742014887397659e+02 8.438889480597862303e+01 1.429713376173063182e+02
2.549647578135169965e+02 7.630631590158697009e+01 1.388809008177418036e+02
2.549520479047585297e+02 7.136035076507970132e+01 1.364173796759801576e+02
2.549598229606750124e+02 7.146674003857943092e+01 1.363074756511757357e+02
2.549549236103714804e+02 7.587591862818192112e+01 1.386612466124661296e+02
2.549604501721873078e+02 8.130552301156198780e+01 1.421470633483627353e+02
2.549691837966414596e+02 8.422288493627294770e+01 1.436542644465745866e+02
2.549702133702559763e+02 8.788336232707305840e+01 1.455127158258482041e+02
2.549638939184151525e+02 8.815331179512668314e+01 1.454976035786558839e+02
2.549724026934592587e+02 8.806837788901906094e+01 1.454678169489118602e+02
2.549667459556691540e+02 8.638355759103443177e+01 1.441006970331712012e+02
2.549707932450503449e+02 8.747645589993017268e+01 1.449890297156246675e+02
2.549762251334303755e+02 8.939100128992556904e+01 1.457250801765659673e+02
2.549706630690760960e+02 9.200123075466562739e+01 1.468743565164909342e+02
2.549643436172353006e+02 9.407544289416692607e+01 1.472530029230423168e+02
2.549821895598868764e+02 9.590880581294895535e+01 1.475891764594501865e+02
2.549713494514857928e+02 9.561512881504360450e+01 1.470548159193382389e+02
2.549666039455154305e+02 9.691965775552951357e+01 1.480923539366397961e+02
2.549722961858439589e+02 9.720824605625968218e+01 1.474783138661080955e+02
2.549754914143027804e+02 9.614869646513058399e+01 1.471694417817540739e+02
2.549823552383995491e+02 9.746279925681352552e+01 1.473962556656134382e+02
2.549707340741529720e+02 9.101156199334918995e+01 1.440478810901646227e+02
2.549626158270316409e+02 7.950891705423605060e+01 1.389319061312884003e+02
2.549556691636785501e+02 7.439764026461224944e+01 1.364129773612146721e+02
2.549581543413687541e+02 7.115438870545911243e+01 1.343792262813457796e+02
2.549521425781943549e+02 7.250452657365001130e+01 1.355525141714299195e+02
2.549575863007538317e+02 7.885744547401806415e+01 1.387325357096365792e+02
2.549688879421545380e+02 8.560005207038969388e+01 1.419865090353960397e+02
2.549693021384362339e+02 9.117094472254765947e+01 1.442454763848948573e+02
2.549676808558478456e+02 9.195093549188767668e+01 1.451894415450704798e+02
2.549668524632844537e+02 9.044569886746901943e+01 1.433797706536017245e+02
2.549571129335747628e+02 8.633940426740511498e+01 1.413503272150625492e+02
2.549650536680039181e+02 8.680383664098650343e+01 1.414730713245997151e+02
2.549708169134093225e+02 8.779524502668607511e+01 1.409978698476941190e+02
2.549676926900273486e+02 8.947610087454586392e+01 1.417321215133548833e+02
2.549665921113359559e+02 9.182329203204696455e+01 1.428618004520656655e+02
2.549707695766913957e+02 9.481442823161856381e+01 1.443032035123844707e+02
2.549691127915645836e+02 9.681506727731033379e+01 1.452353344930829167e+02
2.549673376646430256e+02 9.778284280659400451e+01 1.456456846664536613e+02
2.549650655021833927e+02 9.657156720038815934e+01 1.444934024449414665e+02
2.549693258067951831e+02 9.756146081111465662e+01 1.454059596927847053e+02
2.549695979929231555e+02 9.692466361344835946e+01 1.447413403391675786e+02
2.549675625140530997e+02 9.522883752854995976e+01 1.441582111454302435e+02
2.549686394243855148e+02 8.176967136483591503e+01 1.371535721470751810e+02
2.549700713601022528e+02 7.431412646004189071e+01 1.338388539780594328e+02
2.549615152483402483e+02 7.269646513059016968e+01 1.333405876853528298e+02
2.549627105004674377e+02 7.225106211760807184e+01 1.331984828581910278e+02
2.549653021857729414e+02 7.790826144069301051e+01 1.361013242446834965e+02
2.549619057762629950e+02 8.400081655838393146e+01 1.395804310008165601e+02
2.549638702500562033e+02 9.019944142672868281e+01 1.427103939598347893e+02
2.549666157796949051e+02 9.098506526549981288e+01 1.433809777399084169e+02
2.549689116105134872e+02 8.969549472787304012e+01 1.429712547780499676e+02
2.549768878474810947e+02 8.820036449272789980e+01 1.423107063821729810e+02
2.549738582975349459e+02 8.779995503011798519e+01 1.417135773541141646e+02
2.549681305546679937e+02 8.689016698027242569e+01 1.414227050567448885e+02
2.549720003313570373e+02 8.785783600194081089e+01 1.417049502372753125e+02
2.549810653128365345e+02 8.992374054744914247e+01 1.416640158104637806e+02
2.549730299049715256e+02 9.250026626903823512e+01 1.427201689920829324e+02
2.549768168424042187e+02 9.500372776653530593e+01 1.425179346989976352e+02
2.549770771943527166e+02 9.648509485094851357e+01 1.420336919089714911e+02
2.549788049845564046e+02 9.820423426941692924e+01 1.418091146850333075e+02
2.549811481520928851e+02 9.825389048650312418e+01 1.409064863137714383e+02
2.549749352078673610e+02 9.972564821718086137e+01 1.407866297440266976e+02
2.549659057289262876e+02 9.428611495721943925e+01 1.372334528585460589e+02
2.549753139016106331e+02 8.119991479390776590e+01 1.300812061395723163e+02
2.549653495224908681e+02 7.198746760393368049e+01 1.246337794818996230e+02
2.549627223346469407e+02 7.119428172447663883e+01 1.241148862143643328e+02
2.549670773126945278e+02 7.275465379107939157e+01 1.253295108933622117e+02
2.549674560064377999e+02 7.921952402930142512e+01 1.297557070330528575e+02
2.549689471130519109e+02 8.621279038117891957e+01 1.339217050685790582e+02
2.549713021147678660e+02 9.231106140755730394e+01 1.377976947018378553e+02
2.549709470893835714e+02 9.334216163122330556e+01 1.384809055514135991e+02
2.549787103111205795e+02 9.222810380942237884e+01 1.382096069868995585e+02
2.549752310623542826e+02 8.769295037928544900e+01 1.360667329380717376e+02
2.549677163583862978e+02 8.736399569235867091e+01 1.363268127004414225e+02
2.549741778203808167e+02 8.814895681707908182e+01 1.363388835635081193e+02
2.549786038035052798e+02 9.072136424421012180e+01 1.373825753541378276e+02
2.549746866900983377e+02 9.462180329226873710e+01 1.394928225701470978e+02
2.549839173500905360e+02 9.790021419864854124e+01 1.413179607341924964e+02
2.549833729778345912e+02 9.773187299558584584e+01 1.401743529662370804e+02
2.549749233736878864e+02 9.923309783316173593e+01 1.406649388764629975e+02
2.549829469473733923e+02 1.007762748369841717e+02 1.412259973254754470e+02
2.549833611436551166e+02 1.002785410823540531e+02 1.407174707991621290e+02
2.549783197831978327e+02 9.656528325108578770e+01 1.384391664003976246e+02
2.549740239760476186e+02 8.144246813647175998e+01 1.317152578075998974e+02
2.549603673329309572e+02 6.926158270316327048e+01 1.250755138992438020e+02
2.549529236340398199e+02 6.764263144814854911e+01 1.237689494798878087e+02
2.549596217796239159e+02 6.903286351640808505e+01 1.254372847658607526e+02
2.549655743719009138e+02 7.460235973538775056e+01 1.292906001112412753e+02
2.549714204565626403e+02 8.091003656761458274e+01 1.335646205370350685e+02
2.549752073939953334e+02 8.788964627637543003e+01 1.374873078425107451e+02
2.549716216376137652e+02 8.948478716228210317e+01 1.384827280150530839e+02
2.549766985006094728e+02 9.088130317984402495e+01 1.399920592655708163e+02
2.549710654311783173e+02 8.690658098720724922e+01 1.384031431580691276e+02
2.549705683956402993e+02 8.564150720109820725e+01 1.374406930095501878e+02
2.549765446562762463e+02 8.626642288256944369e+01 1.376351285783600247e+02
2.549752073939953334e+02 8.828168897409497617e+01 1.385858273866581385e+02
2.549798108898119438e+02 9.158522384350480650e+01 1.405780049940237291e+02
2.549855978035762973e+02 9.494839114330008556e+01 1.427161453710606906e+02
2.549771600336090671e+02 9.766367261925894638e+01 1.442047313049549757e+02
2.549813730015029307e+02 1.001652761505780944e+02 1.455810937148672792e+02
2.549829824499118445e+02 1.001234068235878851e+02 1.452790381178920995e+02
2.549814913432977050e+02 1.022654998165702125e+02 1.461326019810416312e+02
2.549829706157323699e+02 9.779207346658618860e+01 1.438638595992946705e+02
2.549771126968911688e+02 7.919316931160578577e+01 1.348158601673353019e+02
2.549721660098697100e+02 6.944965148341439942e+01 1.299577756476254820e+02
2.549647223109785728e+02 6.624991420219879501e+01 1.276110933598419024e+02
2.549670181417971264e+02 6.748411261405190942e+01 1.282955231299037848e+02
2.549606513532384326e+02 7.408220021064839500e+01 1.323513686228565405e+02
2.549723671909208065e+02 8.367490325558277675e+01 1.381877965941231423e+02
2.549788168187358792e+02 8.819557165003963917e+01 1.405762417012816456e+02
2.549794795327865984e+02 9.206434243381734461e+01 1.424774736393652006e+02
2.549824380776558996e+02 9.128926284896036236e+01 1.422359498704157375e+02
2.549777754109418879e+02 8.980362362575590396e+01 1.421179867693873575e+02
2.549783197831978327e+02 8.636632702571567677e+01 1.400178814451899996e+02
2.549738109608170191e+02 8.651058567354232309e+01 1.401575957680974227e+02
2.549807102874522116e+02 8.863166116377321657e+01 1.412791091229689471e+02
2.549774085513780904e+02 9.198214222316894961e+01 1.434006461461994490e+02
2.549815150116566542e+02 9.518462503402327002e+01 1.449096815422302598e+02
2.549829114448349685e+02 9.724319238825576406e+01 1.458873149430184242e+02
2.549818345345025534e+02 9.814747754464444540e+01 1.461617850676323371e+02
2.549809588052212348e+02 1.001849090543307170e+02 1.466221346492940825e+02
2.549810653128365345e+02 9.949017171394420700e+01 1.455014970237038483e+02
2.549806629507343132e+02 9.445722535827978561e+01 1.424425628099075709e+02
2.549719411604596360e+02 7.624087288907823279e+01 1.336760866735304774e+02
2.549746630217393886e+02 6.499598821315724706e+01 1.279899646158033590e+02
2.549621424598525437e+02 6.337874107998722195e+01 1.266799091135016084e+02
2.549638939184151525e+02 6.505689873492620734e+01 1.275477094945621985e+02
2.549719884971775343e+02 7.119681423888474114e+01 1.310951468029964246e+02
2.549744855090472413e+02 8.033146353297594544e+01 1.358451852640797028e+02
2.549770061892758690e+02 8.623767766061939710e+01 1.393461497497071093e+02
2.549807457899906638e+02 8.679915030591354252e+01 1.394939823197358635e+02
2.549855623010378451e+02 8.513401024839943432e+01 1.383296765718748986e+02
2.549805564431190135e+02 8.401630749931953801e+01 1.385078874806215197e+02
2.549843197121927574e+02 8.377223938178246954e+01 1.386854948462148513e+02
2.549838700133726093e+02 8.441006615306328342e+01 1.385600880462953057e+02
2.549820002130152261e+02 8.606505248458597634e+01 1.394623022212754790e+02
2.549808996343238618e+02 8.954634856392232223e+01 1.407021573709186839e+02
2.549798937290682943e+02 9.185242778191974367e+01 1.418293392977597875e+02
2.549822842333226731e+02 9.352658548419545070e+01 1.431904237819670698e+02
2.549833966461935404e+02 9.677673636998378015e+01 1.446140874072496274e+02
2.549836096614241114e+02 9.851179275984900130e+01 1.452166009869705761e+02
2.549813019964260832e+02 1.000831351108270866e+02 1.463715340646856191e+02
2.549811718204518343e+02 9.128624513319368816e+01 1.416220873125761841e+02
2.549741778203808167e+02 7.353434870593247297e+01 1.329995384670003773e+02
2.549612903989302026e+02 6.589867575531650346e+01 1.297536715541828016e+02
2.549615270825197229e+02 6.549233736878854018e+01 1.289164980296091301e+02
2.549659175631057622e+02 6.743386468799185707e+01 1.304023265996852103e+02
2.549764381486609750e+02 7.684020307451983456e+01 1.349831007917066188e+02
2.549750535496621353e+02 8.300468633507296090e+01 1.383163394516041365e+02
2.549747458609957391e+02 8.821342942687068955e+01 1.413881847552100055e+02
2.549794795327865984e+02 8.857640737979431833e+01 1.413930722713340629e+02
2.549796333771197965e+02 8.760162601626016965e+01 1.409961183891314818e+02
2.549770653601732420e+02 8.584507875646441732e+01 1.398748535520289806e+02
2.549762843043277485e+02 8.331226849386398214e+01 1.381036910805789262e+02
2.549784262908131325e+02 8.479505567981443903e+01 1.386419924024567649e+02
2.549829706157323699e+02 8.692069916332350488e+01 1.399855623010378451e+02
2.549845208932438538e+02 8.839397166897433067e+01 1.408797292339735634e+02
2.549842487071158814e+02 9.063740074081962916e+01 1.420475497331392489e+02
2.549826629270659453e+02 9.319016343001858615e+01 1.435847978130436218e+02
2.549836096614241114e+02 9.483944568703329026e+01 1.441324718050673823e+02
2.549827694346812450e+02 9.574076046437319576e+01 1.445162660796913769e+02
2.549801777493757413e+02 9.483377711506372520e+01 1.443443154518881499e+02
2.549835386563472639e+02 8.734591306611756067e+01 1.405777446420752312e+02
2.549751837256363842e+02 7.082414409296931979e+01 1.325361948379309069e+02
2.549646394717222222e+02 6.436868202743163181e+01 1.297800026035194776e+02
2.549624501485189398e+02 6.397268671376669857e+01 1.293200790523189028e+02
2.549607460266742294e+02 6.549341427912095526e+01 1.306084780061774495e+02
2.549608998710074559e+02 6.981899622489675039e+01 1.338729955858510436e+02
2.549709234210245938e+02 7.690026153536643960e+01 1.378574573081975245e+02
2.549710772653578204e+02 8.185449876332825170e+01 1.404801836664654786e+02
2.549741186494834437e+02 8.213060200470999916e+01 1.412064117584407370e+02
2.549759411131229285e+02 8.069425213902793814e+01 1.406411876782523223e+02
2.549772192045064685e+02 7.967848901196435918e+01 1.398599661542467061e+02
2.549756334244565039e+02 7.960276209748997189e+01 1.401588856936604373e+02
2.549761896308919518e+02 7.982290150412421781e+01 1.400774073679601486e+02
2.549764854853788734e+02 8.313266115193903261e+01 1.417814227050567411e+02
2.549771245310706433e+02 8.489604856747257600e+01 1.429643436172353006e+02
2.549821185548100004e+02 8.615719340599520137e+01 1.440375143489426080e+02
2.549823434042200745e+02 8.688796582288966874e+01 1.441198329013857915e+02
2.549833138069371898e+02 8.835612596300634891e+01 1.445391770511591574e+02
2.549804144329652900e+02 8.910244849173382420e+01 1.450543898888770684e+02
2.549820948864510513e+02 8.933831552289322531e+01 1.449897042638548612e+02
2.549777280742239611e+02 8.588629720358339625e+01 1.436651518916935970e+02
2.549782724464799344e+02 7.591766961337735609e+01 1.390584845149761577e+02
2.549720121655365119e+02 6.630107336007857555e+01 1.336807730086034383e+02
2.549539295392953875e+02 6.170975491414302638e+01 1.314732370031123878e+02
2.549426752346126079e+02 5.988183571792049520e+01 1.301154424207997522e+02
2.549503674512727684e+02 6.189001313593922049e+01 1.309459533023277800e+02
2.549544384090129086e+02 6.533947527248197673e+01 1.334647163938888355e+02
2.549504384563496160e+02 6.901110046034958145e+01 1.351717139442136784e+02
2.549583200198814268e+02 7.141535603128957632e+01 1.368071147087016755e+02
2.549565803954982641e+02 7.173413332386598995e+01 1.367669495035561624e+02
2.549453970958923605e+02 6.857789848640844355e+01 1.357810085087750451e+02
2.549384622667187443e+02 6.654478645223133526e+01 1.347831623294398753e+02
2.549442491804830695e+02 6.798446172234648088e+01 1.356281227441095325e+02
2.549385806085135187e+02 6.793985869989704440e+01 1.358804156163832317e+02
2.549417048318954926e+02 6.821249452669199798e+01 1.367363463154282215e+02
2.549425568928178336e+02 7.059899882841622798e+01 1.377826061230044559e+02
2.549531248150909448e+02 7.235849279890179275e+01 1.389213145406563115e+02
2.549675151773351729e+02 7.695432006721813423e+01 1.414453083395462727e+02
2.549660714074389603e+02 7.759231251701163501e+01 1.415944781718559682e+02
2.549622963041857417e+02 7.780206151406491699e+01 1.420247571034662428e+02
2.549650063312860198e+02 7.902217725234021373e+01 1.428795280529224385e+02
2.549674086697198732e+02 7.887304292256897043e+01 1.431128270671352993e+02
2.549636217322871801e+02 7.199342019621069255e+01 1.396747257428906153e+02
2.549537283582442910e+02 6.401298209488645341e+01 1.353485875906793865e+02
2.549338706050816086e+02 5.961092768132921549e+01 1.333691790629696641e+02
2.549244269298588108e+02 5.772342339143915524e+01 1.322534644560419395e+02
2.549280245204198820e+02 5.697617779671246296e+01 1.324272848842025496e+02
2.549248292919610321e+02 5.846392350386386028e+01 1.334379474799114860e+02
2.549310304020070816e+02 6.197578726878971622e+01 1.355773541141524845e+02
2.549199062732985510e+02 6.531560573247654133e+01 1.371540810167927020e+02
2.549328291972876173e+02 6.556086910214079921e+01 1.371408030674193128e+02
2.549449000603543141e+02 6.883426231642229709e+01 1.390917148909480261e+02
2.549501899385806212e+02 7.010335972355356660e+01 1.405934012615235247e+02
2.549438349842013736e+02 7.064825268340020159e+01 1.410922474290244963e+02
2.549486633294280580e+02 7.098009491011940497e+01 1.404674619235275372e+02
2.549617756002887461e+02 7.582532751091703460e+01 1.425684311428267108e+02
2.549599294682903121e+02 7.727106188092449202e+01 1.434643495343250379e+02
2.549578348185228549e+02 7.801978674808582070e+01 1.433496881693707792e+02
2.549509828286055892e+02 7.854225393782321873e+01 1.434215098046176990e+02
2.549420835256387363e+02 7.953233689542135210e+01 1.439570655968568360e+02
2.549479414444799374e+02 7.905438988887705420e+01 1.434011431817374955e+02
2.549548526052946045e+02 8.121029336930924103e+01 1.437889137406658051e+02
2.549546040875255812e+02 8.281245192364588092e+01 1.445667506893409495e+02
2.549540478810901618e+02 8.144261014662548348e+01 1.434855682181275824e+02
2.549537638607827148e+02 7.466953053810014751e+01 1.409829706157323699e+02
2.549384030958213430e+02 6.717875528100259430e+01 1.373112389202494512e+02
2.549237287132696679e+02 6.634771186139809629e+01 1.369821185548100004e+02
2.549174684323262454e+02 6.728058839540359770e+01 1.376497319558348522e+02
2.549283203749068036e+02 7.074168353037242696e+01 1.395018520490881713e+02
2.549528526289629724e+02 7.807938367593283147e+01 1.430980343427888499e+02
2.549557165003964485e+02 8.112096898261559375e+01 1.446068093868711628e+02
2.549529473023987975e+02 8.185396622525176724e+01 1.448173631081288875e+02
2.549632430385439363e+02 8.207985704311191455e+01 1.448079194329061181e+02
2.549676808558478456e+02 8.240353368599188855e+01 1.451334067052461023e+02
2.549616927610324240e+02 8.035469402728961086e+01 1.438764393320789168e+02
2.549605093430847091e+02 8.039082377723340755e+01 1.436239926154720195e+02
2.549532313227062446e+02 8.097996473414515606e+01 1.435568099785801337e+02
2.549489236813765558e+02 8.280601413001029698e+01 1.439431604359711798e+02
2.549538230316800878e+02 8.460852534289534788e+01 1.446723115702772873e+02
2.549597992923160632e+02 8.452483402563282766e+01 1.449832901385782407e+02
2.549546040875255812e+02 8.597325475438159970e+01 1.455448456231287082e+02
2.549549709470893788e+02 8.671122235239819531e+01 1.455380528041088155e+02
2.549697636714358282e+02 8.816200991704239698e+01 1.457330919160719986e+02
2.549686512585649893e+02 8.772771919858936940e+01 1.457760618217535864e+02
2.549659412314647113e+02 8.796553886936249000e+01 1.459052555591057967e+02
2.549584975325735741e+02 8.472642927302635485e+01 1.443491911338327327e+02
2.549588762263168462e+02 7.483782440444491613e+01 1.400720938213748923e+02
2.549569117525236379e+02 7.007461450160353422e+01 1.373686228565342446e+02
2.549377403817706238e+02 6.810685080649933809e+01 1.360598099430775960e+02
2.549266754239594661e+02 6.901897018970190345e+01 1.368379190778807413e+02
2.549427699080484331e+02 7.203840191240340118e+01 1.386797434349889215e+02
2.549525922770144746e+02 7.760044259831244062e+01 1.413468124637578285e+02
2.549558940130885958e+02 7.982531567673756001e+01 1.433376528088425061e+02
2.549643791197737244e+02 8.053664453675104085e+01 1.444632371214541706e+02
2.549583673565993251e+02 7.994582312635353105e+01 1.438505934841007843e+02
2.549437403107655484e+02 7.904239003088720494e+01 1.432412989195394175e+02
2.549540833836285856e+02 7.874367167252458444e+01 1.424625152365060785e+02
2.549643554514147752e+02 7.959025336978260157e+01 1.425269760121182117e+02
2.549541898912438853e+02 8.127217429379534508e+01 1.434378646406551354e+02
2.549646749742606460e+02 8.303130140471709808e+01 1.445430468278482010e+02
2.549665211062591084e+02 8.446483473568359557e+01 1.447295771647672780e+02
2.549651246730807941e+02 8.566571993230849102e+01 1.452248849126045798e+02
2.549583791907787997e+02 8.425342895350351569e+01 1.445522183169429979e+02
2.549727222163051295e+02 8.692185891291227051e+01 1.461482822688489023e+02
2.549692666358978101e+02 9.056753174518644300e+01 1.476038626761813362e+02
2.549655980402598914e+02 9.266650098815398451e+01 1.485180293724334604e+02
2.549581306730097765e+02 8.986546904770358424e+01 1.471084484207287346e+02
2.549490420231713301e+02 8.219538230316800309e+01 1.431059514088590561e+02
2.549586632110862467e+02 7.109119418705104465e+01 1.380806025964189701e+02
2.549476100874545921e+02 6.477715056626549028e+01 1.354190482952864443e+02
2.549347700027218480e+02 6.432626832818546347e+01 1.348691139749825538e+02
2.549420125205618888e+02 6.613243630252895855e+01 1.359916805718275441e+02
2.549582371806250762e+02 7.274070129347582281e+01 1.397692335001952699e+02
2.549615980875965988e+02 7.871283180080709485e+01 1.427516360753127174e+02
2.549589235630347446e+02 8.074045277570679957e+01 1.441344007763221668e+02
2.549559531839859972e+02 8.046464538881197370e+01 1.434908935988923133e+02
2.549664856037206562e+02 8.004767990911349784e+01 1.436117442397131470e+02
2.549723198542029081e+02 7.911056673885515522e+01 1.431443888238009094e+02
2.549678820368989705e+02 7.797704169181429279e+01 1.427701565661944869e+02
2.549620951231346453e+02 7.816829386634478283e+01 1.428764156637199676e+02
2.549679412077963434e+02 7.979926864770831685e+01 1.436667495059230077e+02
2.549725447036129822e+02 8.269205098164518120e+01 1.451812286245133237e+02
2.549729588998946781e+02 8.444539117880262324e+01 1.459526987846297743e+02
2.549684500775138645e+02 8.681438089490065124e+01 1.466846901220103803e+02
2.549701068626406766e+02 8.705435438633861622e+01 1.467457663222920417e+02
2.549736926190222732e+02 8.946568679660595080e+01 1.469986035668216857e+02
2.549773848830191412e+02 9.068128187832097353e+01 1.469006047265712880e+02
2.549731009100484016e+02 8.916954828936935940e+01 1.459865800404728873e+02
2.549820712180921021e+02 8.621793824925148897e+01 1.433165406326552329e+02
2.549725092010745300e+02 7.321803292268729990e+01 1.365701589330303705e+02
2.549627460030058899e+02 6.525839930888392360e+01 1.319951598205938410e+02
2.549451840806617611e+02 5.993927882510266159e+01 1.297811741872877178e+02
2.549322374883137456e+02 6.023232861149572415e+01 1.286471994414267215e+02
2.549434089537402031e+02 6.566600395261595224e+01 1.316115548928414967e+02
2.549566158980367163e+02 7.206898143217240715e+01 1.348314576158861939e+02
2.549613022331096772e+02 7.717345356859682681e+01 1.379696808321795061e+02
2.549706394007171468e+02 7.843346232588963574e+01 1.390816321700334868e+02
2.549740594785860424e+02 7.790584726807966831e+01 1.389732310860226505e+02
2.549713612856652674e+02 7.700572774286695221e+01 1.383620903894628498e+02
2.549756097560975547e+02 7.615399817753636569e+01 1.378402859137761709e+02
2.549731127442278762e+02 7.664224092022580237e+01 1.383646110696914775e+02
2.549676453533094218e+02 7.730770050058579557e+01 1.393166234719115835e+02
2.549718938237417376e+02 7.893299487580028995e+01 1.400469106874474789e+02
2.549780239287109112e+02 8.040285913776168059e+01 1.407644761600454331e+02
2.549785446326079068e+02 8.317096839090662286e+01 1.424463852498786878e+02
2.549841540336800847e+02 8.623622205654370987e+01 1.439171015727624479e+02
2.549807576241701383e+02 8.768271381403769738e+01 1.440097276955302164e+02
2.549792310150175751e+02 8.853862084472373795e+01 1.444271665424077753e+02
2.549802250860936681e+02 8.760998094697103511e+01 1.437876948201796381e+02
2.549809469710417602e+02 8.272361273831079131e+01 1.413122921622229455e+02
2.549641424361841757e+02 6.966316374954142532e+01 1.351006615306327774e+02
2.549516455426563084e+02 6.294455686914947989e+01 1.320688275878391948e+02
2.549446633767647654e+02 6.094706571519864013e+01 1.307947598253275032e+02
2.549406042532040999e+02 6.235452834877693817e+01 1.318366054839587775e+02
2.549466870214553751e+02 6.765936497792925763e+01 1.350366741221997415e+02
2.549536100164495167e+02 7.338198364516395600e+01 1.379504502905291190e+02
2.549553733091916001e+02 7.579690181181287301e+01 1.395566916367853594e+02
2.549652193465166192e+02 7.933888356350811932e+01 1.414757695175204901e+02
2.549691364599235612e+02 7.920080235736854490e+01 1.410429107347842148e+02
2.549626868321084885e+02 7.839868167240624075e+01 1.410665554253795904e+02
2.549688406054366112e+02 7.816074365983834582e+01 1.406185488929125142e+02
2.549678465343605467e+02 7.580964722310979198e+01 1.393009786866427646e+02
2.549705447272813217e+02 7.710747801801161927e+01 1.396223003278067836e+02
2.549732665885610743e+02 8.108306410575022483e+01 1.416421699151489406e+02
2.549760121181997761e+02 8.212376184897220810e+01 1.419063561377971894e+02
2.549745920166625126e+02 8.167179086638027741e+01 1.417697542040922656e+02
2.549777517425829387e+02 8.308504041372290772e+01 1.424028473035822060e+02
2.549802487544526173e+02 8.482912628252920229e+01 1.428577413285050000e+02
2.549789114921717044e+02 8.599596454479828367e+01 1.429470065443012459e+02
2.549781777730441092e+02 8.580536325013905241e+01 1.427307014118176198e+02
2.549654441959266649e+02 7.433658773268955144e+01 1.371874060662003956e+02
2.549494680536325006e+02 6.586574123383155666e+01 1.326816724062437061e+02
2.549377640501295730e+02 6.220687329144033839e+01 1.309023325167749476e+02
2.549296339688287674e+02 6.201653234872959786e+01 1.307393403628359465e+02
2.549333380670051383e+02 6.370065443012508410e+01 1.325450113016414093e+02
2.549407462633578234e+02 6.891227322753576345e+01 1.357825824546455067e+02
2.549546869267819318e+02 7.407480384847517030e+01 1.383618300375143519e+02
2.549610655495201286e+02 7.801869800357391682e+01 1.402418196234364132e+02
2.549553614750121255e+02 7.802164471426374348e+01 1.403510846025490935e+02
2.549610418811611794e+02 7.759220600939633528e+01 1.398372090271120953e+02
2.549597874581365886e+02 7.741278801434302181e+01 1.395648572206246172e+02
2.549712902805883914e+02 7.749963905752593973e+01 1.396377202636655284e+02
2.549726157086898297e+02 7.828399663909303285e+01 1.400325321593827255e+02
2.549689589472313855e+02 8.003558537768783765e+01 1.408760724725151192e+02
2.549703080436918015e+02 8.122869551839623625e+01 1.417949610063786281e+02
2.549753139016106331e+02 8.286596608324161650e+01 1.425354019479059389e+02
2.549716571401521890e+02 8.441314303972734479e+01 1.431915361948379370e+02
2.549731719151252776e+02 8.576886664063147236e+01 1.428814570241772230e+02
2.549693849776925845e+02 8.427166542407782401e+01 1.419883078306765469e+02
2.549670299759766294e+02 8.485972947065715744e+01 1.421294895918391603e+02
2.549731600809457746e+02 8.554853788712559037e+01 1.423878889007230555e+02
2.549711719387936171e+02 8.295562182696062337e+01 1.406564774381368181e+02
2.549618584395450966e+02 7.021363060792180022e+01 1.352204825978390659e+02
2.549398350315380810e+02 6.268622856534242516e+01 1.307450681057028987e+02
2.549315866084425011e+02 6.046897669850061163e+01 1.297473402681625032e+02
2.549326280162364924e+02 6.138446882285416706e+01 1.304337581803765715e+02
2.549421190281771885e+02 6.639063443036177148e+01 1.333131442231452866e+02
2.549435864664323503e+02 7.144678761198092332e+01 1.366839090661648868e+02
2.549615980875965988e+02 7.399685210825907689e+01 1.386624655329522682e+02
2.549675033431556983e+02 7.783517354824203949e+01 1.410239642134412748e+02
2.549707932450503449e+02 7.737861090401297304e+01 1.405705494609531172e+02
2.549693613093336069e+02 7.659286872344705444e+01 1.402626359451367364e+02
2.549665092720796338e+02 7.602491094779944092e+01 1.402230506147856204e+02
2.549642252754405263e+02 7.564186222648253022e+01 1.397715293310138236e+02
2.549650655021833927e+02 7.702844936746311078e+01 1.408276233417356025e+02
2.549729352315357289e+02 7.915996260399285234e+01 1.422315712240091727e+02
2.549728050555614800e+02 8.111811694536159223e+01 1.436116969029952202e+02
2.549731719151252776e+02 8.322542928486053881e+01 1.442593223748831406e+02
2.549774677222754633e+02 8.452092874640537445e+01 1.450382007313523047e+02
2.549732429202021251e+02 8.513092152755588415e+01 1.453813327652927114e+02
2.549760357865587252e+02 8.425186684181252872e+01 1.447021810392776331e+02
2.549765091537378225e+02 8.484933906107619350e+01 1.446651518916935970e+02
2.549685210825907404e+02 8.517161927077786743e+01 1.451816073182565958e+02
2.549716926426906127e+02 8.112424705033076577e+01 1.425654962663163872e+02
2.549631957018260096e+02 7.152501153832498915e+01 1.379712074413320693e+02
2.549291487674701955e+02 6.400830759399296710e+01 1.346516135903717100e+02
2.549242967538845619e+02 6.138581791931456166e+01 1.333917823457710483e+02
2.549250659755505808e+02 6.181685423841138061e+01 1.329650536680039181e+02
2.549333854037230367e+02 6.373955337806653176e+01 1.346965479698465060e+02
2.549429355865611058e+02 6.846715423486112684e+01 1.376453888119667113e+02
2.549513260198104092e+02 7.373241736784180489e+01 1.400824605625968786e+02
2.549581543413687541e+02 7.556907018851848079e+01 1.416999325451769778e+02
2.549688761079750634e+02 7.801622466006318746e+01 1.426494361013479022e+02
2.549657873871315132e+02 7.740984130365320937e+01 1.421873468953030226e+02
2.549601898202388099e+02 7.704030721529922232e+01 1.419303676879563625e+02
2.549637755766204066e+02 7.397197666299807395e+01 1.403111324126341799e+02
2.549566158980367163e+02 7.428179548171027591e+01 1.404209062614643528e+02
2.549640004260304522e+02 7.947975763600430810e+01 1.425018165465497475e+02
2.549660950757979094e+02 8.130442243287062354e+01 1.430836558147240964e+02
2.549641306020047011e+02 8.274325747624288852e+01 1.437016958379190896e+02
2.549611720571354283e+02 8.144617223464811673e+01 1.429030780700820173e+02
2.549671719861303529e+02 8.232527425710938473e+01 1.435505733659956604e+02
2.549694086460515337e+02 8.375687861682109769e+01 1.439930533366469092e+02
2.549691246257440866e+02 8.512315830581886189e+01 1.444672844108353615e+02
2.549763434752251499e+02 8.591830865906912607e+01 1.442627187843930869e+02
2.549674086697198732e+02 8.356902285180056822e+01 1.427454112969077187e+02
2.549664027644643340e+02 8.138464633554632144e+01 1.412764464325865958e+02
2.549700003550253768e+02 7.292348019550064464e+01 1.368144282316185638e+02
2.549519650655021792e+02 6.415869634678880118e+01 1.332811919385569297e+02
2.549328173631081427e+02 6.139497757422989110e+01 1.312001159749588624e+02
2.549277168317534574e+02 6.177989609590419207e+01 1.312177489023798671e+02
2.549451130755849135e+02 6.724352374528112364e+01 1.345321357143702414e+02
2.549500360942473947e+02 7.232978307949018415e+01 1.371399036697790450e+02
2.549559531839859972e+02 7.340520230529816104e+01 1.383614750121300290e+02
2.549595507745470400e+02 7.645113075584905005e+01 1.398981195488810840e+02
2.549627105004674377e+02 7.668427592572868434e+01 1.401157974461840752e+02
2.549594679352907178e+02 7.598542029088413585e+01 1.396099099418941876e+02
2.549581780097277033e+02 7.549030188991845591e+01 1.392038200731352333e+02
2.549506041348623171e+02 7.440638572324587585e+01 1.383937349853847820e+02
2.549550301179867802e+02 7.542095359818226541e+01 1.387819197405947875e+02
2.549588170554194733e+02 7.755223015112247253e+01 1.395678512680323422e+02
2.549503792854522430e+02 7.980973006236612832e+01 1.412082105537212442e+02
2.549502964461958925e+02 8.070539993609543217e+01 1.413279842842096627e+02
2.549497402397604731e+02 8.132099028413864517e+01 1.415237334469414634e+02
2.549573732855232606e+02 8.209017644761600252e+01 1.413252979254683339e+02
2.549608525342895291e+02 8.030580703186944902e+01 1.404969882013230631e+02
2.549532313227062446e+02 8.019764263144814720e+01 1.401018331144010176e+02
2.549648169844143979e+02 8.130575969515153645e+01 1.408296588206056867e+02
2.549653731908498173e+02 8.160054910592774036e+01 1.405891291227322881e+02
2.549559413498065226e+02 7.168160140116684431e+01 1.361064957811150293e+02
2.549333972379025113e+02 6.308924154743731094e+01 1.315316150104732458e+02
2.549254210009349038e+02 5.978178956462053861e+01 1.295017218731139224e+02
2.549086519686157430e+02 5.971742346244423061e+01 1.296819327581922039e+02
2.549188293629661075e+02 6.433110850759162247e+01 1.319544857457308069e+02
2.549343321380812029e+02 6.989290067573165288e+01 1.350752653814747646e+02
2.549529354682193230e+02 7.324939349830179935e+01 1.364974852368611096e+02
2.549627460030058899e+02 7.764101016556017498e+01 1.385140530881291454e+02
2.549676808558478456e+02 7.732364114034153602e+01 1.385260056094010679e+02
2.549536573531674151e+02 7.658979183678299307e+01 1.373310375025147607e+02
2.549602489911362113e+02 7.590564608702855764e+01 1.369363202802333603e+02
2.549666394480538827e+02 7.617163110495734202e+01 1.367248198246174695e+02
2.549615389166991974e+02 7.730148755636028568e+01 1.372585058164992233e+02
2.549663909302848595e+02 7.835429166518738953e+01 1.375709991597732653e+02
2.549693731435130815e+02 8.043619602134886293e+01 1.380472065419344290e+02
2.549691837966414596e+02 8.260230056449036340e+01 1.390278694926687137e+02
2.549721186731517832e+02 8.368913977349380673e+01 1.399969467816949020e+02
2.549725447036129822e+02 8.371447675175441816e+01 1.397372102105300655e+02
2.549664264328232832e+02 8.172418077892569954e+01 1.387032697837895512e+02
2.549741068153039691e+02 8.242211334777103104e+01 1.392833575934012629e+02
2.549730062366125765e+02 8.310980935136862513e+01 1.390395143252742685e+02
2.549644501248506003e+02 7.886578857054945502e+01 1.372401273357711773e+02
2.549422610383309120e+02 6.595588217890912119e+01 1.317361688027360742e+02
2.549147584052259674e+02 5.990568158956698852e+01 1.281806014130010283e+02
2.549061194542076407e+02 5.961057265594489962e+01 1.280669814558407609e+02
2.549146282292517185e+02 6.123049431367676476e+01 1.298954213559602806e+02
2.549087703104105174e+02 6.523505047277546964e+01 1.326162648962734067e+02
2.549242257488077144e+02 6.902699376338740933e+01 1.346456254955562599e+02
2.549455391060460840e+02 7.201695837919078258e+01 1.365100886380042766e+02
2.549445213666110419e+02 7.601827197311274631e+01 1.387140033845753351e+02
2.549432906119454287e+02 7.591267558963799900e+01 1.383665518751257366e+02
2.549335865847741331e+02 7.536803114756038724e+01 1.383244103620075407e+02
2.549414444799469948e+02 7.620361889208412265e+01 1.393912616418740527e+02
2.549380007337191216e+02 7.695172838191264475e+01 1.399566514005751401e+02
2.549524502668607511e+02 7.803726583117359894e+01 1.402710855492834412e+02
2.549618821079040458e+02 7.886349273973088714e+01 1.407433048129607869e+02
2.549595507745470400e+02 8.117653045526088817e+01 1.415507627128673107e+02
2.549603199962130589e+02 8.422289677045242229e+01 1.432271215725257605e+02
2.549751600572774350e+02 8.578487828546407457e+01 1.438321558324753653e+02
2.549821540573484242e+02 8.477165950698808672e+01 1.430071005076862889e+02
2.549808404634264605e+02 8.585983597827244296e+01 1.433059135394847488e+02
2.549772428728654177e+02 8.657976828676584091e+01 1.433582916178506821e+02
2.549753020674311585e+02 8.356026555898746722e+01 1.418135880048756690e+02
2.549728405580999038e+02 7.668214577342280336e+01 1.383297830794901699e+02
2.549516337084768338e+02 6.501708855516503149e+01 1.324209417640028050e+02
2.549372196778736281e+02 6.091355131891930341e+01 1.305252718902735012e+02
2.549154092850972120e+02 6.023707411746606510e+01 1.304209654323617542e+02
2.549069596809505072e+02 6.050613602205891084e+01 1.300304020070768445e+02
2.549201429568880712e+02 6.424273085525615556e+01 1.320323191441521544e+02
2.549354918876699685e+02 6.965103371557732714e+01 1.353232269440598259e+02
2.549459059656098816e+02 7.450098815398634144e+01 1.378771257144885851e+02
2.549550537863457293e+02 7.519542963988591566e+01 1.385231299037881172e+02
2.549602371569567083e+02 7.466121110992769161e+01 1.382046602998780997e+02
2.549535626797315899e+02 7.307192814286221960e+01 1.366792227310919259e+02
2.549530183074756451e+02 7.293060437154589692e+01 1.365349522490858192e+02
2.549572786120874355e+02 7.427213879125690710e+01 1.374754736630335685e+02
2.549596099454444413e+02 7.641346256257322977e+01 1.390673956521224568e+02
2.549697045005384552e+02 7.791820215145382633e+01 1.395939456337794695e+02
2.549774795564549663e+02 7.981955243133216982e+01 1.403860664370835707e+02
2.549724855327155808e+02 8.222832865883243869e+01 1.420062366125844733e+02
2.549764144803019974e+02 8.414212849552076534e+01 1.427834818522857745e+02
2.549728642264588530e+02 8.598044993550372794e+01 1.437159678583685434e+02
2.549755387510207072e+02 8.577680737506065611e+01 1.437159560241890688e+02
2.549773612146601920e+02 8.640588868770784359e+01 1.437632217370208707e+02
2.549755150826617296e+02 8.587950438456348934e+01 1.430457627720381879e+02
2.549670418101561040e+02 7.584307878013278525e+01 1.376145726086081709e+02
2.549491603649661045e+02 6.727313286233298584e+01 1.324319357167370868e+02
2.549336575898510091e+02 6.012873220435260890e+01 1.278499544384090143e+02
2.549217050685790582e+02 5.933323865989751766e+01 1.260745434965266725e+02
2.549211370279641642e+02 6.373834629175986066e+01 1.273272032283641551e+02
2.549351605306445947e+02 6.660841883528006235e+01 1.284711068508065068e+02
2.549481307913515877e+02 7.183662915231772672e+01 1.309517165477331559e+02
2.549588880604963208e+02 7.610183311440101761e+01 1.322529792546833676e+02
2.549625211535958158e+02 7.623510964367285681e+01 1.313903030733364119e+02
2.549634797221334566e+02 7.578124519236459378e+01 1.300227216245961586e+02
2.549638820842356779e+02 7.551563886817908156e+01 1.305421474302079332e+02
2.549663199252079835e+02 7.626120400942001254e+01 1.304507283937468287e+02
2.549645921350043238e+02 7.715302777481923613e+01 1.314134388942142664e+02
2.549680832179500953e+02 7.855192246245606214e+01 1.322279736334481299e+02
2.549698465106921788e+02 7.915295676974237438e+01 1.332126838735636341e+02
2.549721068389723087e+02 7.974755328339310267e+01 1.329913847173406225e+02
2.549722015124081338e+02 8.106859090424966041e+01 1.342269440598336132e+02
2.549699766866664277e+02 8.345418397415414802e+01 1.360334433912024679e+02
2.549701541993585749e+02 8.491299511248386978e+01 1.368597649731955812e+02
2.549639767576715030e+02 8.354940178222743441e+01 1.371854652607661365e+02
2.549705210589223725e+02 8.333010260233606914e+01 1.367827244647992302e+02
2.549727813872025308e+02 8.048445580525674359e+01 1.351493118424633906e+02
2.549594916036496670e+02 7.206798736109631420e+01 1.318045821942935447e+02
2.549353617116957196e+02 6.355064437107252928e+01 1.283914509887457029e+02
2.549258706997550235e+02 6.110409344268115461e+01 1.273773683151678711e+02
2.549177051159157941e+02 6.064717577306777230e+01 1.276187145714251869e+02
2.549173619247109457e+02 6.352657365001597611e+01 1.291874652370977969e+02
2.549335274138767602e+02 6.749023088484159416e+01 1.315494609531248216e+02
2.549471722228139186e+02 7.067861918793860809e+01 1.343897231985420433e+02
2.549387817895646151e+02 7.526391403652027634e+01 1.368865220529934561e+02
2.549513260198104092e+02 7.550960343664571894e+01 1.369894084093679396e+02
2.549563792144471677e+02 7.520953598182269673e+01 1.372728606762050276e+02
2.549528762973219216e+02 7.435476503236648682e+01 1.371538561673826280e+02
2.549567815765493890e+02 7.426391403652027634e+01 1.369643672855942498e+02
2.549600951468029848e+02 7.582809670891468556e+01 1.375753186352824287e+02
2.549644027881326735e+02 7.902265061951929681e+01 1.394932841031467206e+02
2.549695151536668334e+02 8.073272505650820108e+01 1.404281842818428174e+02
2.549660477390800111e+02 8.134618525224553309e+01 1.406588324398527732e+02
2.549631957018260096e+02 8.160884486574123287e+01 1.405997325475438231e+02
2.549727222163051295e+02 8.317973751789919845e+01 1.411695837919077974e+02
2.549684500775138645e+02 8.128942852747304926e+01 1.404907279203796406e+02
2.549488290079407307e+02 8.114248352090507410e+01 1.410773836996011994e+02
2.549520124022201060e+02 8.062950734310837220e+01 1.408718240020828034e+02
2.549585093667530487e+02 7.413520550052662372e+01 1.375985491295961083e+02
2.549380007337191216e+02 6.334756985124436568e+01 1.333555934249298787e+02
2.549198826049395734e+02 5.948472799138471601e+01 1.312600324256517581e+02
2.549016343001858047e+02 5.952838427947597921e+01 1.313411083892498254e+02
2.549102259144862330e+02 6.145476384894853084e+01 1.334678524514502840e+02
2.549271132886001396e+02 6.635568809836570381e+01 1.363370729340481091e+02
2.549465568454811262e+02 7.251780452302340052e+01 1.397459201666252397e+02
2.549562253701139696e+02 7.498518360729458720e+01 1.413006354954379162e+02
2.549489236813765558e+02 7.465321120460113491e+01 1.407887598963325786e+02
2.549484266458385093e+02 7.387891267558963193e+01 1.408697885232127476e+02
2.549549472787304296e+02 7.370460704607046409e+01 1.408289369356575662e+02
2.549415273192033169e+02 7.396704181015608981e+01 1.409694796511283812e+02
2.549416219926391420e+02 7.487723222210388485e+01 1.415157098732559291e+02
2.549435154613554744e+02 7.670136448089371584e+01 1.427509851954414728e+02
2.549529473023987975e+02 7.897009502846120199e+01 1.440483781257026408e+02
2.549598939657518883e+02 8.037154589886510792e+01 1.449932900202364578e+02
2.549669589708997535e+02 8.172189678228660625e+01 1.458628773623980805e+02
2.549629708524159355e+02 8.282265298635519457e+01 1.453852853812381056e+02
2.549647578135169965e+02 8.189157524763020035e+01 1.443734748701198782e+02
2.549650181654654943e+02 8.268974331664713873e+01 1.434006224778404999e+02
2.549610773836996032e+02 7.859059656098744995e+01 1.404831658796937290e+02
2.549454562667897335e+02 7.074587282990734138e+01 1.359070661885658069e+02
2.549440835019703968e+02 6.382447544999467226e+01 1.321895007159678528e+02
2.549178352918900430e+02 6.334500183429781828e+01 1.308797529023325126e+02
2.549261783884214481e+02 6.495634371190872969e+01 1.312537603105288611e+02
2.549346279925681245e+02 7.036360516443592417e+01 1.331762109324149890e+02
2.549454325984307843e+02 7.340694192968130949e+01 1.341913586821457613e+02
2.549506869741186392e+02 7.927209145453899453e+01 1.365813185642773533e+02
2.549659885681826381e+02 8.076712701624832391e+01 1.376780629815031887e+02
2.549675625140530997e+02 8.022695589401308780e+01 1.363142329676571762e+02
2.549637637424409320e+02 7.928646998260376222e+01 1.348135051656193468e+02
2.549515153666820595e+02 7.556662051336670061e+01 1.324275097336126237e+02
2.549549827812688534e+02 7.586496017798606317e+01 1.313970603898178808e+02
2.549573377829848084e+02 7.767382634525034746e+01 1.317812806949030175e+02
2.549628880131596134e+02 8.009255511769092095e+01 1.324815919338232675e+02
2.549654678642856425e+02 8.181194305392835986e+01 1.327554348469248851e+02
2.549700831942817274e+02 8.465775552952035810e+01 1.335900285203725275e+02
2.549702607069738747e+02 8.686613176175430340e+01 1.351031822108614051e+02
2.549669234683613297e+02 8.580031005550230816e+01 1.342925172483165852e+02
2.549728878948178021e+02 8.349785209642489292e+01 1.337787718488538644e+02
2.549576928083691314e+02 7.596697080507922806e+01 1.301130874190837972e+02
2.549504739588880682e+02 6.821402113584454696e+01 1.269325451769801560e+02
2.549485094850948599e+02 6.649780475970698035e+01 1.256202766831161739e+02
2.549427462396894839e+02 6.723275464195690176e+01 1.268266292706595237e+02
2.549521189098353773e+02 7.002252044354504790e+01 1.289998579898462765e+02
2.549607460266742294e+02 7.654067999195275718e+01 1.325653187536242115e+02
2.549621069573141199e+02 7.990066389746867515e+01 1.349949113028248178e+02
2.549597874581365886e+02 8.311763174400303456e+01 1.362216778499662837e+02
2.549687459320008145e+02 8.016683826226908138e+01 1.337720855374492714e+02
2.549627105004674377e+02 8.013821138211382333e+01 1.328509721778440564e+02
2.549662962568490343e+02 8.049513023514514032e+01 1.328730429225689704e+02
2.549669944734381772e+02 8.053607649613614683e+01 1.316099809469710351e+02
2.549724263618182079e+02 8.191278209725328452e+01 1.314930237511982227e+02
2.549782132755825330e+02 8.446017206896959806e+01 1.329315037691861505e+02
2.549789114921717044e+02 8.387667601566845121e+01 1.313407060271476041e+02
2.549758464396871034e+02 8.492394172850025313e+01 1.320504727754701264e+02
2.549754559117643566e+02 8.701788144518999957e+01 1.321879977751742672e+02
2.549755269168412326e+02 8.787069975503248997e+01 1.326390930284848650e+02
2.549719648288185851e+02 8.161463177950557224e+01 1.301479272434645793e+02
2.549593022567780167e+02 7.327723932261156392e+01 1.268522502692275822e+02
2.549514088590667598e+02 6.856725955905847059e+01 1.246213417592691144e+02
2.549419296813055382e+02 6.423265996852107662e+01 1.233168601555011179e+02
2.549415983242801929e+02 6.489090069940000660e+01 1.242933456408799913e+02
2.549498467473757728e+02 7.058238364043029378e+01 1.278344516632939190e+02
2.549580951704713527e+02 7.675051182826238971e+01 1.312037845705968095e+02
2.549645329641069225e+02 7.920947681092530956e+01 1.331741754535449331e+02
2.549704145513070728e+02 8.008399900592893061e+01 1.340456325960639390e+02
2.549622252991088942e+02 7.956987491272292345e+01 1.336256849031372269e+02
2.549610063786227272e+02 7.818377297310091478e+01 1.335738038603093401e+02
2.549576218032922554e+02 7.812725293191796538e+01 1.334413438894214323e+02
2.549624738168779174e+02 7.881865303369190201e+01 1.348193512502810734e+02
2.549674323380788508e+02 7.925622181986011583e+01 1.346664181488976340e+02
2.549721541756902354e+02 8.044786452231333840e+01 1.353951905894604693e+02
2.549698228423332296e+02 8.270321061289214981e+01 1.373216885007277881e+02
2.549748287002520613e+02 8.373401498207121563e+01 1.377584880652300114e+02
2.549748405344315358e+02 8.466371995597685896e+01 1.381882699613022396e+02
2.549686039218470910e+02 8.386616726429272717e+01 1.381181879504384540e+02
2.549694559827694320e+02 8.089256931870629330e+01 1.369494325510940769e+02
2.549608407001100545e+02 7.169930533366469660e+01 1.317347723695577599e+02
2.549427817422279077e+02 6.683230967680856338e+01 1.290449225452953215e+02
2.549413853090495934e+02 6.337844522550029325e+01 1.275991053360315277e+02
2.549426160637152350e+02 6.460798097063940304e+01 1.283297357427722716e+02
2.549497520739399476e+02 6.983195465142424041e+01 1.318726287262872745e+02
2.549552549673968258e+02 7.626327499082850636e+01 1.353162566123477859e+02
2.549567342398314906e+02 7.884797813043633141e+01 1.370654785150471469e+02
2.549613259014686264e+02 7.917335889516100167e+01 1.371524834025632913e+02
2.549577046425486060e+02 7.854949645566324534e+01 1.368553508242505927e+02
2.549554443142684761e+02 7.768536467024058823e+01 1.368306765600407005e+02
2.549604146696488840e+02 7.719453024224564786e+01 1.366404657933042301e+02
2.549580123312150022e+02 7.767199204743138807e+01 1.363917941799505229e+02
2.549662252517721583e+02 7.937239795978746315e+01 1.378256351995834450e+02
2.549684737458728421e+02 8.064461959030070659e+01 1.390020709814085080e+02
2.549748050318931121e+02 8.197339676453533741e+01 1.393072744701246108e+02
2.549747221926367615e+02 8.408160850167453759e+01 1.407292931444598310e+02
2.549748287002520613e+02 8.559546040875255812e+01 1.414044449178116167e+02
2.549732902569200235e+02 8.432390149229003384e+01 1.405330587803694584e+02
2.549660714074389603e+02 8.341917847126069319e+01 1.400851350871587329e+02
2.549677045242068232e+02 7.613302801150281596e+01 1.367753162684465167e+02
2.549552786357558034e+02 6.935704902900558011e+01 1.326202293463982755e+02
2.549458941314304070e+02 6.405228340493012240e+01 1.299773967171986158e+02
2.549377640501295730e+02 6.415961941278801817e+01 1.299213145406563115e+02
2.549479177761209883e+02 6.928352327191393556e+01 1.323850960343664553e+02
2.549540952178080602e+02 7.338911965538869708e+01 1.345941704831895436e+02
2.549668169607460300e+02 7.903926580750523101e+01 1.382505059111726382e+02
2.549677163583862978e+02 7.989514916983230819e+01 1.386223713328836311e+02
2.549703435462302252e+02 7.948129607933634588e+01 1.385722535827978277e+02
2.549698820132306025e+02 7.858059667932923276e+01 1.380006627140507192e+02
2.549721778440491846e+02 7.817752452633696691e+01 1.377079087821445853e+02
2.549698938474100771e+02 7.856349628998474088e+01 1.370746736725009214e+02
2.549720476680749357e+02 7.945097691151583774e+01 1.372406480396681729e+02
2.549726630454077565e+02 8.102895823718063184e+01 1.384697695885255655e+02
2.549753139016106331e+02 8.244972248849126117e+01 1.394041845658631189e+02
2.549758819422255272e+02 8.357181571815718257e+01 1.389963550727210304e+02
2.549751482230979605e+02 8.311864948343806248e+01 1.390959041904829405e+02
2.549783907882747087e+02 8.443328481319747425e+01 1.395384906687494890e+02
2.549754204092259329e+02 8.450296446195902433e+01 1.391673708003455658e+02
2.549694796511283812e+02 7.880202601152649322e+01 1.365589993017834161e+02
2.549585093667530487e+02 6.863622915705138894e+01 1.320558336587732811e+02
2.549366398030792595e+02 6.516741813706346420e+01 1.300049348528419841e+02
2.549274683139844626e+02 6.435719103915930361e+01 1.298337889492431998e+02
2.549322374883137456e+02 6.607727719198589966e+01 1.310692536183003654e+02
2.549426042295357320e+02 7.168154223026947136e+01 1.343395936142767653e+02
2.549460479757636051e+02 7.697544407758488205e+01 1.369798818948888197e+02
2.549544265748334340e+02 7.780039289475864450e+01 1.381108034224447181e+02
2.549651365072602687e+02 7.796513650726026867e+01 1.381997964521129916e+02
2.549630300233133369e+02 7.704452018319310014e+01 1.377564762547188764e+02
2.549605566798026075e+02 7.620670761292765860e+01 1.378598714808108809e+02
2.549667222873102048e+02 7.604662666714003194e+01 1.379341664595685302e+02
2.549618229370066729e+02 7.709034212612868942e+01 1.384940888273511632e+02
2.549587105478041735e+02 7.892604821244718494e+01 1.394177583697234297e+02
2.549671009810534770e+02 8.049877516242410991e+01 1.398906521816309976e+02
2.549684382433343899e+02 8.195781115016390572e+01 1.410937267014591612e+02
2.549693731435130815e+02 8.287332694287641743e+01 1.408731849327226939e+02
2.549731719151252776e+02 8.436173536407852680e+01 1.425117099205926650e+02
2.549742961621755910e+02 8.496834356989857895e+01 1.427954107051987478e+02
2.549712666122294422e+02 7.805930107336007495e+01 1.396304304091075892e+02
2.549523674276044005e+02 6.978568300966853144e+01 1.357452811209334698e+02
2.549321073123394967e+02 6.517999786984769628e+01 1.327847481094898399e+02
2.549284860534194763e+02 6.409276813292150621e+01 1.323226944059833556e+02
2.549302966828794865e+02 6.558935397214234797e+01 1.331366256020638730e+02
2.549403439012556021e+02 7.051989917279085773e+01 1.362475710346623146e+02
2.549481307913515877e+02 7.283581259393379526e+01 1.384312019976094916e+02
2.549613732381865248e+02 7.797446184068827790e+01 1.408613152507070936e+02
2.549660714074389603e+02 7.846059809943078278e+01 1.411530751115371345e+02
2.549726512112282819e+02 7.762714050721292836e+01 1.406269393261618177e+02
2.549675033431556983e+02 7.649418350078697415e+01 1.397429379533969893e+02
2.549665211062591084e+02 7.683434515567863343e+01 1.397132933338066891e+02
2.549666512822333573e+02 7.764640655140175340e+01 1.407316008094578876e+02
2.549657163820546373e+02 7.861979148175761622e+01 1.407498017774937580e+02
2.549701897018970271e+02 8.023760665554253535e+01 1.412641152175714012e+02
2.549736571164838210e+02 8.191633235109644318e+01 1.418453154400539518e+02
2.549727340504846040e+02 8.316112235358161797e+01 1.428910900462716427e+02
2.549737044532017478e+02 8.383132743991195923e+01 1.431295842652749570e+02
2.549742724938166418e+02 8.517843575815670931e+01 1.438086531520337132e+02
2.549724145276387333e+02 8.315894486455781021e+01 1.424487402515946428e+02
2.549669234683613297e+02 7.920574904439000363e+01 1.404363261973230976e+02
2.549630300233133369e+02 7.061632406717080812e+01 1.364562667897421306e+02
2.549356338978236920e+02 6.554210009349002064e+01 1.327322280209701546e+02
2.549354563851315447e+02 6.325712121750038364e+01 1.316610690997739539e+02
2.549340126152353321e+02 6.360645436148684695e+01 1.311668737648075194e+02
2.549385924426929932e+02 6.588674690240351595e+01 1.328499781067679635e+02
2.549485331534538091e+02 7.078545816025845738e+01 1.345818984390717219e+02
2.549575034614975095e+02 7.556125963006354596e+01 1.367303582206127714e+02
2.549613377356481010e+02 7.656036023242327815e+01 1.369126992579969340e+02
2.549624974852368666e+02 7.655614726452941454e+01 1.362615472006248467e+02
2.549635743955692817e+02 7.576955302304114070e+01 1.357230920344137814e+02
2.549618466053656221e+02 7.552611211701636762e+01 1.353979361190991710e+02
2.549666631164128319e+02 7.598431971219275738e+01 1.356627140507212914e+02
2.549653495224908681e+02 7.794202435474136337e+01 1.363018189133856310e+02
2.549690417864877361e+02 7.910474432255239208e+01 1.374251310635377195e+02
2.549764263144814720e+02 8.046464538881197370e+01 1.382744109537165116e+02
2.549727222163051295e+02 8.201868616939444223e+01 1.388933503745517726e+02
2.549769943550963944e+02 8.321972521035253578e+01 1.402487426184305548e+02
2.549779292552750860e+02 8.452266837078850870e+01 1.405271298564514098e+02
2.549802014177346905e+02 8.317967834700181129e+01 1.406510692181157651e+02
2.549809351368622856e+02 8.344412492159855788e+01 1.400271002710027233e+02
2.549786274718642289e+02 8.432919137051632674e+01 1.398256825363013434e+02
2.549783789540952057e+02 8.462231216198624395e+01 1.408818238837410206e+02
2.549686985952828877e+02 7.587499556218268992e+01 1.365168104519473218e+02
2.549554443142684761e+02 6.718128779541071083e+01 1.320022248257417061e+02
2.549433024461249033e+02 6.294248588774097186e+01 1.303394397699435387e+02
2.549349001786960969e+02 6.215800996437911863e+01 1.299573496171642830e+02
2.549359770890285404e+02 6.352104708820014167e+01 1.305973183749304667e+02
2.549384859350776935e+02 6.841995952710618667e+01 1.340056922403285284e+02
2.549500360942473947e+02 7.366698618951255639e+01 1.377454586336256455e+02
2.549520124022201060e+02 7.476049987574111810e+01 1.381706962047786362e+02
2.549613969065454739e+02 7.481017976118626223e+01 1.381259630063549650e+02
2.549542845646797105e+02 7.397500621294422274e+01 1.376359569709234165e+02
2.549497402397604731e+02 7.311802227192578130e+01 1.375870936438622039e+02
2.549493378776582517e+02 7.355497568076117432e+01 1.376385368220494456e+02
2.549508053159134136e+02 7.439200719518112237e+01 1.378585578868889172e+02
2.549565567271393149e+02 7.559999289949230672e+01 1.386008212920557128e+02
2.549605093430847091e+02 7.743224340540348294e+01 1.386068448894095866e+02
2.549643436172353006e+02 7.873906817670797409e+01 1.394030129820948787e+02
2.549651601756192179e+02 7.993237949846746915e+01 1.395135323842321498e+02
2.549726275428693043e+02 8.086841575839339669e+01 1.399280363545993566e+02
2.549718464870238108e+02 8.201272174293795558e+01 1.401402941977017917e+02
2.549710772653578204e+02 8.262431213831789023e+01 1.394167051277499638e+02
2.549718701553827884e+02 8.352662098673388869e+01 1.393743150968627731e+02
2.549699766866664277e+02 8.166831161761399471e+01 1.367557307014118066e+02
2.549576099691127808e+02 7.654594620182010090e+01 1.336705364433557008e+02
2.549472787304292183e+02 6.891193003633092928e+01 1.287359794558644239e+02
2.549367699790535085e+02 6.532161749565094055e+01 1.257914225867149440e+02
2.549349948521319220e+02 6.516844771067798092e+01 1.252649554443142677e+02
2.549399888758712791e+02 6.701287558727115368e+01 1.252347427841090592e+02
2.549438823209192719e+02 7.155302304114744061e+01 1.277616241227914458e+02
2.549532786594241429e+02 7.409099300599993398e+01 1.286669861895125564e+02
2.549601188151619624e+02 7.899702962095123837e+01 1.314072377841682453e+02
2.549666394480538827e+02 7.945966319925207699e+01 1.318035171181406042e+02
2.549622252991088942e+02 7.868317534703732008e+01 1.312288375285499455e+02
2.549561898675755458e+02 7.837523816286197587e+01 1.314396752701151456e+02
2.549602489911362113e+02 7.914472018082626903e+01 1.323613566703352546e+02
2.549681778913858921e+02 7.794895918391497958e+01 1.320197985822653095e+02
2.549693968118720591e+02 7.920787919669589883e+01 1.325730938095407225e+02
2.549679648761553210e+02 8.350851469213381506e+01 1.352688843919006842e+02
2.549675033431556983e+02 8.243827883693684555e+01 1.347915882652276309e+02
2.549721896782286592e+02 8.327482514999822172e+01 1.355505378634572367e+02
2.549718938237417376e+02 8.427181926841102211e+01 1.369080957621803236e+02
2.549705447272813217e+02 8.539890652181631481e+01 1.373809777399084169e+02
2.549686749269239385e+02 8.368922261275014307e+01 1.371473947053881091e+02
2.549707459083324466e+02 8.383655814724086497e+01 1.372247902391687546e+02
2.549756925953539053e+02 8.444217228198482417e+01 1.375296623708595121e+02
2.549790061656075011e+02 8.522958308185701526e+01 1.380661057265594422e+02
2.549763434752251499e+02 8.411036555780404456e+01 1.374945621945302321e+02
2.549743079963550656e+02 8.517029384267641490e+01 1.379798582265298705e+02
2.549778819185571876e+02 8.615135915551294943e+01 1.390016567851268121e+02
2.549761777967124772e+02 8.666000402362102761e+01 1.390737742748606536e+02
2.549746866900983377e+02 7.676229867102163951e+01 1.342778665341238593e+02
2.549451012414054389e+02 6.705756144897694071e+01 1.291991692406006962e+02
2.549281428622146564e+02 6.226903823623388945e+01 1.261346492940911901e+02
2.549286754002911266e+02 6.150838451615957325e+01 1.260820818688536207e+02
2.549301901752641868e+02 6.227675412125300625e+01 1.271420456562644290e+02
2.549403912379735289e+02 6.635920284967042448e+01 1.302016189157524764e+02
2.549469828759422967e+02 7.033889539768760812e+01 1.322072638193630780e+02
2.549572667779079609e+02 7.268775517449498125e+01 1.337222754760298642e+02
2.549545804191666321e+02 7.558253748476349188e+01 1.352916178506763174e+02
2.549651128389013195e+02 7.525705021242352188e+01 1.351743174636986566e+02
2.549634323854155582e+02 7.513730015029408094e+01 1.357518490905433168e+02
2.549574206222411590e+02 7.522510976201465382e+01 1.356099454444326113e+02
2.549563792144471677e+02 7.608356114128827130e+01 1.362253937823221008e+02
2.549584146933172519e+02 7.779119773730488419e+01 1.369500360942473947e+02
2.549666157796949051e+02 7.946541461047797839e+01 1.380767328197299548e+02
2.549672311570277259e+02 8.084420302718311291e+01 1.387947716595069778e+02
2.549703908829481236e+02 8.209288647471628053e+01 1.395556028922734697e+02
2.549718701553827884e+02 8.341246849149713682e+01 1.402579377758843009e+02
2.549726038745103551e+02 8.423483745754488439e+01 1.402837717896829588e+02
2.549729707340741527e+02 8.457217074354149133e+01 1.399985562301037874e+02
2.549713849540242165e+02 8.326468325818629523e+01 1.397184885385971711e+02
2.549713139489473406e+02 8.411281523295582474e+01 1.399316339451603994e+02
2.549780712654288095e+02 8.493532620915728160e+01 1.394731778322150149e+02
2.549715861350753130e+02 8.543576999088767820e+01 1.397462988603685119e+02
2.549733020910995265e+02 8.418177299676926850e+01 1.395399226044662271e+02
2.549737162873812224e+02 8.473390847445593010e+01 1.402773576644063382e+02
2.549685092484112658e+02 8.552115359581543430e+01 1.403641732050508324e+02
2.549730654075099778e+02 8.749784026224541833e+01 1.410072543520195154e+02
2.549770298576348182e+02 8.618346528443450438e+01 1.403584572963633548e+02
2.549658583922083892e+02 7.954557934225630333e+01 1.367945349759174576e+02
2.549521544123738295e+02 6.986704299357404579e+01 1.320109111134779596e+02
2.549412196305369207e+02 6.224073087892450928e+01 1.288707470917503883e+02
2.549349120128755999e+02 6.070954189891244113e+01 1.278658595756263310e+02
2.549272434645743886e+02 6.100888746878734992e+01 1.283107773872498569e+02
2.549273618063691629e+02 6.549759174447639509e+01 1.306230458811138249e+02
2.549408882735115469e+02 7.067813398658003621e+01 1.330602123051798173e+02
2.549563910486266423e+02 7.562363759008769648e+01 1.357003467414586737e+02
2.549621897965704420e+02 7.649929586632110556e+01 1.361907433048129690e+02
2.549611838913149029e+02 7.680736322647069869e+01 1.363101265073786124e+02
2.549610537153406540e+02 7.590420231713234500e+01 1.359575389640359333e+02
2.549656572111572643e+02 7.581639270541177211e+01 1.357068792085300686e+02
2.549687932687187129e+02 7.715280292540916207e+01 1.364911184483023874e+02
2.549742014887397659e+02 7.864269061904592206e+01 1.366520277866534059e+02
2.549669471367202789e+02 7.979965917563106359e+01 1.370239878818002239e+02
2.549707222399734974e+02 8.152191098330197860e+01 1.382172992035597190e+02
2.549727813872025308e+02 8.297745588809600292e+01 1.386928320374906889e+02
2.549717044768700873e+02 8.372726949976923549e+01 1.389144388823800966e+02
2.549751245547390113e+02 8.518516940627921485e+01 1.394254150838451665e+02
2.549753612383285315e+02 8.643231441048034469e+01 1.396699920710997560e+02
2.549726985479461803e+02 8.498875752949669504e+01 1.387390208399900473e+02
2.549723790251002811e+02 8.526844652726003915e+01 1.388414101608265128e+02
2.549791363415817500e+02 8.579723316883823259e+01 1.385919101549094137e+02
2.549778345818392609e+02 8.646501224837575705e+01 1.387988307830676433e+02
2.549759647814818777e+02 8.533535697802392406e+01 1.383813682678311636e+02
2.549734796037916738e+02 8.621303889894794281e+01 1.385071774298529022e+02
2.549719648288185851e+02 8.764621720453011733e+01 1.394453675104436741e+02
2.549710772653578204e+02 8.875165974367166655e+01 1.397289499532549826e+02
2.549767576715068458e+02 8.356362646595898980e+01 1.374071431107324202e+02
2.549643672855942498e+02 7.371816901575128611e+01 1.322770973124578404e+02
2.549444030248162676e+02 6.696688796582289172e+01 1.288025585496029635e+02
2.549323439959290454e+02 6.176512703991668474e+01 1.267380386030934574e+02
2.549386752819493154e+02 6.210469698583448661e+01 1.270711115844782881e+02
2.549422847066898612e+02 6.703249665684430170e+01 1.299992426125134557e+02
2.549497402397604731e+02 7.116529981893705781e+01 1.326939089478231040e+02
2.549609235393664051e+02 7.618680252304706357e+01 1.349813730015029307e+02
2.549637164057230052e+02 7.802602336067029398e+01 1.365878746997076973e+02
2.549639885918509776e+02 7.804539591247440455e+01 1.365280055857327000e+02
2.549738227949965221e+02 7.735771174305629927e+01 1.363354398172802746e+02
2.549719648288185851e+02 7.697353877468906092e+01 1.362903042567543537e+02
2.549706038981787231e+02 7.746404184565862749e+01 1.360619400953834770e+02
2.549673731671814494e+02 7.844192376421581514e+01 1.367620264848936813e+02
2.549688406054366112e+02 8.060259641897728500e+01 1.379549117761920058e+02
2.549692192991798834e+02 8.274299712429439069e+01 1.386897078141087150e+02
2.549707932450503449e+02 8.405279227464764347e+01 1.395173903267416904e+02
2.549716808085111381e+02 8.564261961396906031e+01 1.400625909752547216e+02
2.549707695766913957e+02 8.696788203689897045e+01 1.408877291393001201e+02
2.549735506088685213e+02 8.768641791221405413e+01 1.410787919669589598e+02
2.549773138779422652e+02 8.610559638347474731e+01 1.400861883291321988e+02
2.549766156613531223e+02 8.664787398965692944e+01 1.404745624312138261e+02
2.549802842569910410e+02 8.746197086425013367e+01 1.404276280754073980e+02
2.549788168187358792e+02 8.609023561851338968e+01 1.394009183323274215e+02
2.549804025987858154e+02 8.717911030638690306e+01 1.391964000426030452e+02
2.549789943314280265e+02 8.857631270635850740e+01 1.401784594265156727e+02
2.549813848356824053e+02 9.037785351652642873e+01 1.403500195263961245e+02
2.549804972722216405e+02 8.914230600821292683e+01 1.398342504822428225e+02
2.549768050082247441e+02 8.438955752002934219e+01 1.372624347640856399e+02
2.549562727068318679e+02 7.334508467355415462e+01 1.319448290552774665e+02
2.549279061786251077e+02 6.489705447272812933e+01 1.273531910864960111e+02
2.549265215796262680e+02 6.391061644240896555e+01 1.266265487982390709e+02
2.549343913089786042e+02 6.535586561105785108e+01 1.274995088815516908e+02
2.549376102057963749e+02 7.074554147288198180e+01 1.311661518798593988e+02
2.549585448692915008e+02 7.603235464669057819e+01 1.342071218092093545e+02
2.549657163820546373e+02 7.887306659092791961e+01 1.354380421533473111e+02
2.549726275428693043e+02 8.243710725316860533e+01 1.366982047549733181e+02
2.549767931740452696e+02 8.194726689624974370e+01 1.373027064768464243e+02
2.549765801588146985e+02 8.107403462680915140e+01 1.368289842723754646e+02
2.549715624667163638e+02 7.787873516289748466e+01 1.357474349415983284e+02
2.549683317357190901e+02 7.822729908521792197e+01 1.357564880888983510e+02
2.549688169370776620e+02 7.948315404551425445e+01 1.362542928486053313e+02
2.549736926190222732e+02 8.129242257488077428e+01 1.373414279120957247e+02
2.549734085987147978e+02 8.267063111679151177e+01 1.382270979041668113e+02
2.549761422941740250e+02 8.387487722038792981e+01 1.387851149690536090e+02
2.549789351605306535e+02 8.499502964461959209e+01 1.392992863989775287e+02
2.549779529236340352e+02 8.567682039265807248e+01 1.399337167607483821e+02
2.549781541046851601e+02 8.575713896876959552e+01 1.397232340445675334e+02
2.549761422941740250e+02 8.432730973597945479e+01 1.383673921018686030e+02
2.549734204328942724e+02 8.482449911835362855e+01 1.382925290824960598e+02
2.549702843753328239e+02 8.501087561093952161e+01 1.385780641649211304e+02
2.549712902805883914e+02 8.560576797907717150e+01 1.388016591519626957e+02
2.549736689506632956e+02 8.355753186352824002e+01 1.377497781091348088e+02
2.549672074886687767e+02 7.578350552064472367e+01 1.339755032484822550e+02
2.549549591129099042e+02 6.753824215098046579e+01 1.300324138175879511e+02
2.549409592785884229e+02 6.503918296824889467e+01 1.286365960166151865e+02
2.549358824155927152e+02 6.529345214849529100e+01 1.292623992615471877e+02
2.549374445272837022e+02 6.723533449308291665e+01 1.306592821386729213e+02
2.549544857457308069e+02 7.256175666560159243e+01 1.333152625412716930e+02
2.549608880368279529e+02 7.834843374634620261e+01 1.370250056212352376e+02
2.549755505852001818e+02 8.041281168270198521e+01 1.386943231441047999e+02
2.549730299049715256e+02 7.978210908746642360e+01 1.384583141027916895e+02
2.549724736985361062e+02 7.895765730583069342e+01 1.384197701802345648e+02
