2.549846017280151500e+02 1.062487986743993389e+02 1.505991359924251469e+02
2.549785181678305150e+02 9.915690614273879078e+01 1.477514025328441107e+02
2.549697360634394556e+02 8.594365013611077586e+01 1.424919517102615600e+02
2.549760800094685749e+02 1.111646230323115105e+02 1.546203574387501476e+02
2.549820688838915714e+02 1.091690377559474427e+02 1.531329624807669632e+02
2.549863060717244707e+02 1.094145697715705978e+02 1.524799147828145465e+02
2.549849094567404393e+02 1.009877026867084879e+02 1.469608829447271887e+02
2.549861403716416248e+02 8.993174340158599023e+01 1.428573677358267275e+02
2.549622085453899842e+02 6.847500295893004818e+01 1.326204402887915705e+02
2.549485619599952599e+02 6.157694401704343790e+01 1.283952065333175483e+02
2.549456503728251846e+02 5.997598532370695068e+01 1.275714759143093886e+02
2.549575926145105882e+02 6.719861522073618687e+01 1.318455556870635519e+02
2.549770387028050607e+02 7.728342999171499628e+01 1.380326665877618666e+02
2.549783287963072667e+02 8.556010178719374437e+01 1.431166528583264324e+02
2.549854065569890054e+02 9.196025565155639470e+01 1.465556515563972084e+02
2.549882234583974423e+02 9.145302402651201135e+01 1.467532844123564928e+02
2.549890637945318872e+02 9.167264765060953380e+01 1.467169369156113135e+02
2.549888152444076184e+02 9.157643508107467767e+01 1.471003787430465195e+02
2.549876553438276687e+02 9.272052313883300201e+01 1.472986270564563824e+02
2.549913717599715994e+02 9.584639602319801099e+01 1.485714522428689861e+02
2.549922239318262598e+02 1.020818795123683316e+02 1.518373772044028840e+02
2.549919398745413730e+02 1.051761391880695982e+02 1.529610249733696321e+02
2.549940229612971905e+02 1.078941058113386191e+02 1.545440762220381146e+02
2.549930761036809201e+02 1.078894543732986193e+02 1.541727068292105685e+02
2.549909811812048872e+02 1.094537933483252488e+02 1.547271866493076118e+02
2.549921529175050239e+02 1.106369629541957664e+02 1.551115043200378807e+02
2.549916794886968887e+02 1.100622558882707978e+02 1.543684696413776862e+02
2.549905195881169391e+02 1.097264173274943744e+02 1.547910521955261061e+02
2.549912652384897740e+02 1.109016806722689097e+02 1.554278021067582074e+02
2.549904959166765366e+02 1.104901645165108306e+02 1.546901171736300284e+02
2.549924014676292927e+02 1.117257781986033791e+02 1.548151852290211821e+02
2.549948277902710458e+02 1.121200852171854621e+02 1.552947331045094188e+02
2.549942478399810568e+02 1.134540774056101355e+02 1.556743519943188403e+02
2.549936560539708807e+02 1.136513788614037139e+02 1.554879630725529580e+02
2.549930169250798997e+02 1.134485382885548574e+02 1.551067937033968462e+02
2.549937625754527062e+02 1.149512841756420869e+02 1.556234820688839022e+02
2.549932181323233635e+02 1.152956326192448842e+02 1.557504320037874379e+02
2.549902355308320523e+02 1.125328677950053304e+02 1.538543851343354163e+02
2.549892058231743306e+02 9.271757604450230872e+01 1.443038584447863570e+02
2.549625754527162940e+02 6.942880814297549819e+01 1.329490590602438260e+02
2.549458989229494534e+02 5.907186649307610082e+01 1.273964137767783171e+02
2.549388566694283327e+02 5.966655225470469759e+01 1.277123564918925354e+02
2.549515800686471891e+02 6.569466209018818859e+01 1.318366433897502645e+02
2.549697834063202606e+02 7.609912415670493147e+01 1.385391643981536163e+02
2.549877500295893071e+02 8.614179192803882756e+01 1.439347615102379052e+02
2.549844478636524912e+02 9.229630725529648316e+01 1.477128299207006705e+02
2.549884720085217111e+02 9.307920463960232382e+01 1.484109717126287080e+02
2.549893123446561845e+02 9.340724346076459028e+01 1.486393537696768874e+02
2.549873002722215745e+02 9.275908391525624097e+01 1.484754408805775938e+02
2.549856551071132742e+02 9.348228192685525073e+01 1.489435081074683467e+02
2.549867913362528213e+02 9.581639247248195090e+01 1.501809208190318259e+02
2.549907326310805900e+02 9.978208071961178405e+01 1.519700437921647449e+02
2.549888744230086388e+02 1.041087702686708525e+02 1.541390223695111956e+02
2.549908391525624438e+02 1.102095159190436675e+02 1.575570600071014269e+02
2.549914309385726199e+02 1.102596283583856120e+02 1.572425020712510388e+02
2.549916321458160837e+02 1.119796307255296455e+02 1.584049236596046910e+02
2.549896200733814737e+02 1.115074209965676459e+02 1.574928630607172408e+02
2.549907799739614234e+02 1.120100958693336537e+02 1.573009942004970867e+02
2.549892176588945460e+02 1.113182506805539163e+02 1.568129601136229212e+02
2.549926500177535900e+02 1.111465143804000490e+02 1.564760918451887903e+02
2.549904959166765366e+02 1.121930642679607075e+02 1.565661735116581781e+02
2.549929932536394972e+02 1.121423718783288024e+02 1.564309859154929541e+02
2.549924843176707441e+02 1.137217185465735554e+02 1.566613445378151255e+02
2.549906734524795695e+02 1.137739732512723378e+02 1.562875961652266597e+02
2.549909575097644563e+02 1.143788495679962125e+02 1.563155403006273048e+02
2.549927920463960334e+02 1.157698189134808899e+02 1.565053142383713976e+02
2.549904722452361341e+02 1.052884128299207021e+02 1.507540774056101327e+02
2.549849804710616752e+02 8.113192093738904020e+01 1.393689075630252034e+02
2.549637353532962436e+02 6.540448573795715959e+01 1.309779973961415465e+02
2.549550360989466071e+02 6.321800213042963890e+01 1.291588472008521649e+02
2.549576873002722266e+02 6.642176588945437743e+01 1.308643271393064254e+02
2.549650372825186366e+02 7.616650491182387839e+01 1.365788495679962011e+02
2.549807077760681864e+02 8.716072908036454692e+01 1.433004852645283336e+02
2.549886495443247725e+02 9.431274707065925611e+01 1.471028997514498826e+02
2.549902000236714343e+02 9.888493312818084746e+01 1.489509882826369846e+02
2.549899278021067630e+02 9.840714877500295188e+01 1.487073026393655937e+02
2.549882708012782473e+02 9.708527636406675754e+01 1.480235412474848999e+02
2.549909930169250742e+02 9.670009468576162703e+01 1.475271629778671922e+02
2.549903183808734752e+02 9.845326074091607893e+01 1.479848976210202522e+02
2.549887205586459800e+02 1.033642442892650024e+02 1.508291750503018136e+02
2.549891584802935256e+02 1.078401112557699122e+02 1.529881287726358039e+02
2.549898804592259580e+02 1.115819268552491366e+02 1.551304888152444050e+02
2.549909101668836513e+02 1.145188424665640952e+02 1.559836903775594692e+02
2.549925316605515491e+02 1.150351639247248130e+02 1.559285595928512294e+02
2.549944017043437157e+02 1.151848029352586167e+02 1.554564327139306386e+02
2.549946620901882000e+02 1.161246774766244556e+02 1.557249378624689200e+02
2.549942951828618902e+02 1.156457213871464091e+02 1.550891229731329020e+02
2.549933838324062094e+02 1.155058231743401649e+02 1.546378032903302255e+02
2.549935613682092423e+02 1.148604568587998642e+02 1.538408332347023304e+02
2.549943780329033132e+02 1.144590010652148209e+02 1.533601254586341440e+02
2.549930524322404892e+02 1.162576873002722238e+02 1.540771925671677138e+02
2.549926736891939925e+02 1.165142383714049004e+02 1.538385134335424311e+02
2.549925434962717361e+02 1.130048763167238661e+02 1.515012900935021776e+02
2.549875014794650383e+02 9.238958456622086146e+01 1.407854538998697933e+02
2.549741271156349853e+02 7.370848621138596002e+01 1.318898686235057482e+02
2.549525032548230570e+02 6.422194342525742172e+01 1.271633211030891175e+02
2.549521126760563448e+02 6.507615102378979088e+01 1.274108178482660634e+02
2.549632382530477059e+02 7.166533317552372750e+01 1.314497100248550225e+02
2.549834773345958183e+02 8.307070659249615119e+01 1.379290211859391775e+02
2.549873476151023795e+02 9.303966149840218236e+01 1.440152917505030246e+02
2.549865191146881216e+02 9.913369629541958261e+01 1.473524204047816397e+02
2.549893951946976074e+02 9.896670611906733939e+01 1.474868386791336263e+02
2.549906497810391670e+02 9.912528109835483292e+01 1.473443839507634152e+02
2.549897147591430837e+02 9.638698070777606119e+01 1.446913007456503806e+02
2.549904485737957032e+02 9.705592377796189396e+01 1.439432595573440778e+02
2.549915374600544453e+02 1.000163214581607320e+02 1.443746242158835287e+02
2.549927920463960334e+02 1.046210912534027671e+02 1.460127470706592590e+02
2.549936678896910962e+02 1.079658776186530957e+02 1.467303941294827894e+02
2.549910048526452897e+02 1.109040478163096282e+02 1.474943425257426952e+02
2.549896674162622787e+02 1.132671795478754859e+02 1.479605988874423019e+02
2.549903420523138777e+02 1.132288673215765158e+02 1.470277429281571813e+02
2.549924488105101261e+02 1.141855130784708194e+02 1.462236240975263399e+02
2.549934193395667990e+02 1.129178364303467816e+02 1.458145816072907905e+02
2.549930761036809201e+02 1.115864599360871097e+02 1.448282518641259458e+02
2.549937862468931371e+02 1.122242277192567173e+02 1.454810983548348986e+02
2.549921174103444059e+02 1.119043082021540982e+02 1.449376612616877651e+02
2.549913244170907660e+02 1.137999408213989767e+02 1.464051011954077524e+02
2.549920582317434139e+02 1.126477808024618241e+02 1.457756894307018456e+02
2.549920582317434139e+02 9.918311042726949722e+01 1.395804237187832939e+02
2.549872410936205540e+02 7.728636525032548832e+01 1.287000710143212245e+02
2.549649070895964087e+02 6.608231743401586300e+01 1.235792164753225251e+02
2.549622440525506022e+02 6.550938572612143673e+01 1.233198248313409806e+02
2.549641377677831713e+02 7.077608000946857203e+01 1.264752515090543312e+02
2.549790034323588657e+02 7.930281690140844830e+01 1.324763167238726567e+02
2.549844005207716862e+02 9.078919398745414071e+01 1.390299443721150396e+02
2.549902355308320523e+02 9.828606935732038608e+01 1.433534146052787435e+02
2.549912534027695585e+02 1.002622795597112031e+02 1.437560184637235068e+02
2.549906734524795695e+02 1.009412356491892524e+02 1.448643153035862099e+02
2.549900816664693934e+02 9.941087702686708383e+01 1.440684814770978903e+02
2.549882471298378448e+02 9.719550242632264769e+01 1.431516155758077957e+02
2.549909693454846717e+02 9.880144395786483358e+01 1.442536276482424000e+02
2.549927920463960334e+02 1.029558290922002612e+02 1.461739850869925306e+02
2.549919043673807550e+02 1.073141910285240925e+02 1.472513433542431187e+02
2.549895490590602378e+02 1.106330690022487886e+02 1.479492365960468589e+02
2.549908036454018259e+02 1.132033968516984288e+02 1.487101668836548640e+02
2.549941531542194468e+02 1.150888507515682306e+02 1.483326902592022805e+02
2.549937507397325192e+02 1.144026985442064159e+02 1.467994200497100223e+02
2.549930169250798997e+02 1.128843058350100534e+02 1.449330571665285845e+02
2.549941294827790159e+02 1.128580897147591457e+02 1.435284649070895853e+02
2.549933009823647865e+02 1.117961652266540398e+02 1.417260149130074467e+02
2.549917741744585271e+02 1.111968872055864637e+02 1.410316842229849783e+02
2.549928867321576433e+02 1.116224997041069997e+02 1.399182625162741260e+02
2.549930405965203022e+02 1.110617351165818434e+02 1.390058823529411711e+02
2.549963072552964718e+02 1.121118238844833712e+02 1.396002603858444786e+02
2.549944253757841182e+02 1.121895253876198382e+02 1.399411883063084474e+02
2.549931589537223431e+02 1.110951355189963294e+02 1.394939519469759830e+02
2.549883181441590807e+02 8.991101905550952722e+01 1.292573085572257128e+02
2.549699609421233220e+02 7.040117173630015657e+01 1.197806485974671489e+02
2.549667179547875548e+02 6.144909456740442977e+01 1.159000710143212274e+02
2.549664575689430706e+02 6.149753817019765734e+01 1.165969700556278781e+02
2.549640075748609434e+02 6.861260504201680988e+01 1.211732749437803278e+02
2.549848266066990163e+02 7.971561131494851793e+01 1.283872647650609622e+02
2.549867084862113984e+02 8.728509882826369903e+01 1.331135637353532957e+02
2.549901526807906293e+02 9.219156113149485066e+01 1.365969345484672601e+02
2.549894898804592174e+02 9.525807787903893598e+01 1.387527281335069347e+02
2.549903302165936907e+02 9.422982601491300159e+01 1.384118593916439863e+02
2.549933601609658069e+02 9.457097881406083673e+01 1.391476861167002141e+02
2.549920463960231984e+02 9.470258018700437219e+01 1.393761628595100035e+02
2.549904959166765366e+02 9.638499230678186791e+01 1.401313173156586629e+02
2.549923422890283007e+02 9.982499704106994898e+01 1.426783051248668528e+02
2.549913125813705790e+02 1.033522665404189809e+02 1.443359214108178605e+02
2.549913125813705790e+02 1.067157178364303434e+02 1.463201325600662699e+02
2.549914782814534249e+02 1.098264528346549866e+02 1.481001775358030557e+02
2.549938099183335396e+02 1.122710379926618600e+02 1.489119422416854093e+02
2.549943898686235002e+02 1.123780447390223713e+02 1.491651793111610971e+02
2.549944727186649231e+02 1.132715469286306131e+02 1.492219907681382551e+02
2.549943661971830977e+02 1.122573085572257128e+02 1.487772280743283204e+02
2.549928512249970538e+02 1.131030891229731310e+02 1.488956444549650939e+02
2.549931471180021276e+02 1.125877500295893014e+02 1.480262161202509219e+02
2.549935968753698603e+02 1.122479465025446785e+02 1.477017871937507323e+02
2.549933128180849735e+02 1.140065569889927843e+02 1.490343946029115898e+02
2.549937507397325192e+02 1.145322405018345364e+02 1.491726713220499505e+02
2.549939756184163855e+02 1.163236714404071535e+02 1.498818084980470928e+02
2.549940229612971905e+02 1.081747780802461847e+02 1.451097289620073241e+02
2.549873594508225949e+02 8.355427861285359370e+01 1.331960705408924071e+02
2.549714404071487763e+02 6.902607409160847851e+01 1.258680553911705573e+02
2.549658421114924920e+02 6.396068173748372487e+01 1.234610841519706526e+02
2.549615102378979827e+02 6.582022724582790829e+01 1.247780210675819603e+02
2.549723754290448596e+02 7.480327849449639643e+01 1.305370458042371808e+02
2.549836903775594692e+02 8.516975973487986096e+01 1.371329743164871502e+02
2.549910758669664972e+02 9.339371523257190688e+01 1.415924369747899050e+02
2.549906379453189800e+02 9.554354361462894474e+01 1.434013374363830167e+02
2.549905550952775570e+02 9.714494022961297048e+01 1.441388685051485368e+02
2.549902355308320523e+02 9.619901763522310034e+01 1.432896082376612696e+02
2.549889572730500618e+02 9.576195999526571256e+01 1.424155284649070836e+02
2.549907444668008054e+02 9.700761036809089433e+01 1.416607409160847340e+02
2.549922712747070648e+02 1.008980826133270199e+02 1.428455911942241698e+02
2.549914664457332094e+02 1.060664575689430649e+02 1.450514735471653580e+02
2.549908864954432488e+02 1.107211622677239973e+02 1.464357202035743910e+02
2.549926973606343950e+02 1.148721623860811860e+02 1.477862587288436487e+02
2.549928038821162204e+02 1.176644454965084634e+02 1.483139188069594070e+02
2.549949461474730867e+02 1.175488578530003565e+02 1.468999289856787698e+02
2.549943306900224798e+02 1.176117173630015316e+02 1.459552136347496685e+02
2.549936442182506937e+02 1.164233755474020597e+02 1.442710853355426650e+02
2.549935613682092423e+02 1.166246774766244556e+02 1.438538643626464761e+02
2.549922712747070648e+02 1.156839270919635396e+02 1.423313173156586515e+02
2.549934193395667990e+02 1.148269499349035385e+02 1.407510474612380165e+02
2.549935140253284374e+02 1.139063912889099299e+02 1.392509291040359756e+02
2.549917386672979092e+02 1.159516037400875774e+02 1.399694638418747843e+02
2.549925908391525695e+02 1.163616641022606188e+02 1.389844123564919016e+02
2.549911468812877331e+02 1.152967570126642158e+02 1.383585276364066772e+02
2.549925434962717361e+02 1.044091253402769581e+02 1.317521481832169457e+02
2.549827316842229834e+02 7.974753225233754961e+01 1.193125932062965973e+02
2.549703278494496317e+02 6.504209965676410832e+01 1.132390223695111899e+02
2.549652503254823159e+02 6.368631790744466770e+01 1.121525505977038648e+02
2.549722807432832212e+02 6.683796899041306006e+01 1.152060007101432149e+02
2.549800213042963719e+02 7.862764824239555139e+01 1.235548703988637698e+02
2.549871345721387286e+02 9.064195762812167345e+01 1.309977393774411212e+02
2.549902236951118368e+02 9.813040596520298209e+01 1.364756420878210577e+02
2.549917505030180962e+02 1.013444194579240190e+02 1.389480293525861043e+02
2.549922357675464468e+02 1.004389868623505748e+02 1.386891584802935142e+02
2.549896910877026812e+02 9.885701266422061906e+01 1.380320037874304546e+02
2.549908391525624438e+02 9.798419931352822232e+01 1.376055509527754737e+02
2.549900343235885884e+02 9.893691561131494439e+01 1.386830749201088793e+02
2.549912060598887535e+02 1.021985797135755689e+02 1.409296129719493536e+02
2.549918925316605396e+02 1.063886140371641602e+02 1.432966623269026059e+02
2.549913125813705790e+02 1.094785418392709175e+02 1.451473783879748964e+02
2.549921884246656418e+02 1.124712628713457150e+02 1.472832051130311299e+02
2.549929814179192817e+02 1.145378979760918412e+02 1.482521008403361407e+02
2.549920819031838164e+02 1.139029826014913027e+02 1.478068528819978837e+02
2.549940466327375930e+02 1.131584092792046334e+02 1.469425257426914300e+02
2.549939637826961700e+02 1.133461356373535267e+02 1.475830867558291004e+02
2.549943070185820773e+02 1.117133033495088199e+02 1.463030181086519121e+02
2.549935140253284374e+02 1.106939519469759716e+02 1.456385134335424425e+02
2.549947804473902124e+02 1.116942833471416776e+02 1.462202154101076985e+02
2.549946739259083870e+02 1.119620665167475408e+02 1.463878210439105203e+02
2.549925671677121670e+02 1.137518641259320589e+02 1.468967925198248281e+02
2.549902710379926702e+02 1.103513433542430988e+02 1.452068055391170560e+02
2.549866611433305650e+02 9.207435199431886019e+01 1.368104154337791556e+02
2.549624334240738506e+02 7.155662208545389547e+01 1.265199668599834268e+02
2.549575452716297832e+02 6.480989466209018701e+01 1.230900698307492007e+02
2.549588708722925787e+02 6.382913954314120275e+01 1.230102260622558816e+02
2.549665049118238755e+02 7.211082968398626747e+01 1.281342052313883357e+02
2.549866138004497600e+02 8.438266066990176739e+01 1.354958930050893571e+02
2.549917386672979092e+02 9.416149840217777012e+01 1.406842229849686419e+02
2.549944727186649231e+02 1.009048644810036706e+02 1.447068647177180765e+02
2.549923422890283007e+02 1.011341697242277178e+02 1.450176470588235418e+02
2.549924369747899107e+02 1.010684814770978761e+02 1.451586459936087010e+02
2.549917149958575067e+02 9.810495916676529760e+01 1.437274825423126856e+02
2.549913480885311969e+02 9.844644336607882451e+01 1.436674991123209963e+02
2.549928275535566229e+02 1.011764705882352899e+02 1.447127944135400526e+02
2.549915848029352503e+02 1.050528464907089585e+02 1.465899396378269728e+02
2.549935850396496733e+02 1.091628358385607811e+02 1.492985560421351749e+02
2.549932181323233635e+02 1.119620073381465204e+02 1.509010533790981299e+02
2.549923896319091057e+02 1.149952538761983618e+02 1.526593561368209180e+02
2.549941886613800364e+02 1.148046514380400112e+02 1.520104272694993597e+02
2.549932891466445710e+02 1.155708012782577754e+02 1.519327494378032952e+02
2.549934430110072299e+02 1.146291750503018108e+02 1.507335305953367310e+02
2.549923777961888902e+02 1.136430583501006026e+02 1.499690495916676412e+02
2.549939637826961700e+02 1.128574979287489697e+02 1.493654160255651675e+02
2.549925198248313336e+02 1.134091135045567569e+02 1.497462421588353720e+02
2.549916084743756528e+02 1.134152799147828148e+02 1.494088531187122726e+02
2.549935850396496733e+02 1.143379453189726576e+02 1.500583501006036329e+02
2.549896910877026812e+02 1.027679133625281054e+02 1.440258018700437788e+02
2.549708722925790028e+02 8.024606462303231069e+01 1.336100248550124263e+02
2.549534619481595428e+02 6.869362054681027985e+01 1.275860575216001962e+02
2.549492602674872899e+02 6.523672623979169316e+01 1.252980589418866089e+02
2.549550597703870380e+02 7.079565629068528665e+01 1.284772399100485245e+02
2.549709077997396207e+02 8.133486803171973634e+01 1.345967451769440117e+02
2.549843058350100478e+02 9.380183453663156001e+01 1.414294827790270972e+02
2.549891229731329076e+02 1.011149130074565079e+02 1.460386672979050786e+02
2.549930405965203022e+02 1.017921765889454377e+02 1.462088649544324710e+02
2.549913717599715994e+02 9.927845898922949175e+01 1.452453308083796912e+02
2.549930524322404892e+02 9.631531542194342421e+01 1.435097999763285657e+02
2.549909811812048872e+02 9.582504438395076818e+01 1.432678305124866824e+02
2.549895253876198353e+02 9.716927447035152454e+01 1.440608947804473985e+02
2.549886377086045570e+02 1.010558764350810748e+02 1.456712510356255166e+02
2.549920700674636009e+02 1.057145816072908104e+02 1.481478991596638650e+02
2.549921292460646214e+02 1.088194579240146709e+02 1.497128890993016910e+02
2.549928275535566229e+02 1.115451414368564258e+02 1.506993253639483896e+02
2.549939992898567880e+02 1.137556160492365933e+02 1.517923067818676657e+02
2.549935495324890553e+02 1.130118948988045986e+02 1.511970647413895108e+02
2.549930287608000867e+02 1.132985086992543557e+02 1.505910521955260890e+02
2.549926381820333745e+02 1.124710024855012449e+02 1.498970529056693124e+02
2.549930524322404892e+02 1.117005681145697764e+02 1.491431056929814076e+02
2.549945910758669640e+02 1.116245591194224147e+02 1.490513433542431017e+02
2.549913007456503635e+02 1.007939401112557647e+02 1.437859391643981439e+02
2.549728133506923768e+02 8.150789442537578111e+01 1.342300390578766667e+02
2.549564800568114435e+02 6.842305598295656921e+01 1.276679488696887148e+02
2.549506568824712929e+02 6.713195644454964395e+01 1.263200260385844444e+02
2.549574860930287628e+02 7.004566220854539438e+01 1.285970529056693010e+02
2.549730737365368611e+02 8.171523257190200695e+01 1.353951828618771458e+02
2.549855367499112333e+02 9.158102734051367122e+01 1.414279441354006508e+02
2.549916913244171042e+02 9.907128654278612601e+01 1.457469049591667556e+02
2.549933838324062094e+02 1.026758314593442947e+02 1.473089004615930833e+02
2.549945674044265616e+02 1.014547402059415333e+02 1.471592377796188771e+02
2.549904959166765366e+02 9.914802935258610717e+01 1.455867913362528157e+02
2.549924843176707441e+02 9.876664694046633031e+01 1.458308793940111343e+02
2.549924843176707441e+02 9.857371286542786493e+01 1.457678541839270849e+02
2.549937980826133241e+02 1.015514143685643234e+02 1.468531068765534258e+02
2.549937507397325192e+02 1.075127470706592447e+02 1.502479583382648798e+02
2.549910877026867126e+02 1.103563853710498250e+02 1.514242987335779276e+02
2.549921055746242189e+02 1.131300864007574916e+02 1.531574032429873284e+02
2.549940584684578084e+02 1.133460527873121038e+02 1.527194342525742741e+02
2.549923777961888902e+02 1.145037755947449369e+02 1.530736891939874624e+02
2.549925316605515491e+02 1.133305953367262333e+02 1.525134217067108580e+02
2.549909456740442693e+02 1.120939756184163798e+02 1.514871227364185131e+02
2.549937033968516857e+02 1.128643508107468278e+02 1.515596638655462129e+02
2.549941886613800364e+02 1.124458989229494676e+02 1.512926145105929834e+02
2.549935850396496733e+02 1.129407740561013185e+02 1.514208545389986966e+02
2.549924488105101261e+02 1.024276600781157498e+02 1.453955497692034555e+02
2.549834063202745824e+02 7.986300153864362983e+01 1.350360752751805080e+02
2.549621612025091792e+02 6.814759143093857574e+01 1.292832642916321504e+02
2.549562551781275772e+02 6.638060125458633820e+01 1.281201325600662813e+02
2.549610013019292296e+02 6.815305953367261793e+01 1.290269144277429234e+02
2.549692152917505155e+02 7.610797727541721258e+01 1.339952893833589656e+02
2.549821043910521894e+02 8.656614984021777559e+01 1.398220972896200749e+02
2.549886258728843700e+02 9.286667061190674133e+01 1.438846372351757736e+02
2.549908391525624438e+02 9.714425375784117023e+01 1.458925198248313393e+02
2.549908509882826309e+02 9.627357083678542438e+01 1.454775358030536268e+02
2.549911113741271151e+02 9.491659367972540906e+01 1.450802816901408505e+02
2.549900224878683730e+02 9.413609894662090483e+01 1.445209728962007318e+02
2.549910995384068997e+02 9.517983193277311216e+01 1.449730145579358407e+02
2.549904367380755161e+02 9.826412593206296719e+01 1.467032429873357842e+02
2.549928630607172408e+02 1.037846964137767714e+02 1.493823884483370819e+02
2.549922831104272802e+02 1.068624097526334538e+02 1.506532252337554780e+02
2.549931352822819406e+02 1.098461238016333255e+02 1.523137412711563456e+02
2.549935968753698603e+02 1.106850041425020663e+02 1.522533317552372978e+02
2.549924251390697236e+02 1.118366670611906670e+02 1.528210084033613327e+02
2.549929695821990663e+02 1.120456503728251931e+02 1.526504911823884356e+02
2.549931471180021276e+02 1.113510948041188300e+02 1.522381228547757246e+02
2.549923067818676827e+02 1.100711090069830789e+02 1.514355308320511426e+02
2.549932536394839531e+02 1.104851935140253261e+02 1.511802343472600398e+02
2.549925316605515491e+02 1.099120014202864297e+02 1.500826014913007498e+02
2.549946029115871795e+02 1.104353651319682825e+02 1.487842229849686362e+02
2.549909456740442693e+02 9.698915848029352560e+01 1.415224405255059708e+02
2.549738548940703140e+02 7.778728843650135616e+01 1.304785655107113200e+02
2.549667652976683598e+02 6.681251035625517432e+01 1.239542667771333839e+02
2.549604213516392406e+02 6.626330926736892479e+01 1.226684696413776834e+02
2.549656053970884102e+02 6.999105219552609469e+01 1.241350218960823781e+02
2.549756065806604397e+02 7.827864836075275434e+01 1.288610604805302273e+02
2.549846845780565729e+02 8.606082376612616258e+01 1.325375429044857469e+02
2.549873357793821640e+02 9.172116226772399727e+01 1.354291395431411900e+02
2.549914782814534249e+02 9.547046987809207508e+01 1.377751094804118850e+02
2.549892531660551640e+02 9.428373772044028556e+01 1.376766717954787680e+02
2.549918215173393321e+02 9.454608829447272456e+01 1.383392709196354531e+02
2.549893833589773919e+02 9.433760208308675033e+01 1.382501952893833561e+02
2.549899159663865476e+02 9.553605160374009131e+01 1.390162504438395104e+02
2.549924488105101261e+02 9.933698662563617177e+01 1.407087110900698406e+02
2.549903893951947111e+02 1.038593443011007196e+02 1.439945792401467770e+02
2.549916203100958683e+02 1.085570955142620448e+02 1.465628713457213905e+02
2.549903538880340932e+02 1.110938335897739364e+02 1.483006036217303745e+02
2.549951828618771401e+02 1.122754645520179935e+02 1.489114924843176766e+02
2.549940584684578084e+02 1.111976801988401036e+02 1.482665640904249074e+02
2.549941413184992314e+02 1.093159782222748220e+02 1.472806841046277668e+02
2.549940584684578084e+02 1.091605633802816868e+02 1.471585394721268756e+02
2.549944253757841182e+02 1.080685643271393133e+02 1.462553674991123103e+02
2.549947212687891920e+02 1.087980826133270256e+02 1.461553793348325314e+02
2.549932536394839531e+02 1.086291750503018108e+02 1.464213161320866448e+02
2.549933128180849735e+02 1.097685406556988994e+02 1.474356728606935860e+02
2.549902947094330727e+02 9.825171026156941423e+01 1.417953722334003999e+02
2.549841874778080353e+02 7.977725174576873712e+01 1.333305124866848246e+02
2.549739022369511190e+02 6.776921529175049841e+01 1.269046987809208247e+02
2.549730737365368611e+02 6.631583619363237858e+01 1.261019173866729801e+02
2.549786720321931455e+02 6.973822937625755003e+01 1.280622795597112145e+02
2.549857971357557176e+02 7.786839862705645032e+01 1.327687655343827657e+02
2.549919872174221780e+02 8.652982601491301295e+01 1.382811575334359020e+02
2.549946620901882000e+02 9.384666824476269653e+01 1.421037637590247300e+02
2.549967688483844199e+02 9.634092792046395459e+01 1.436511776541602501e+02
2.549919990531423934e+02 9.766129719493430628e+01 1.448125576991359935e+02
2.549933838324062094e+02 9.621021422653568322e+01 1.445113741271156300e+02
2.549936442182506937e+02 9.550985915492957190e+01 1.440776304888152310e+02
2.549919043673807550e+02 9.380267487276600491e+01 1.437136820925553309e+02
2.549919990531423934e+02 9.601197774884602154e+01 1.449345721387146284e+02
2.549922120961060443e+02 1.024461356373535352e+02 1.484303112794413551e+02
2.549932418037637660e+02 1.054546336844596937e+02 1.495400994200496996e+02
2.549931352822819406e+02 1.075558645993608735e+02 1.506057758314593400e+02
2.549932181323233635e+02 1.077210794176825601e+02 1.506535921410817878e+02
2.549927565392354154e+02 1.085672032193158998e+02 1.506343590957509662e+02
2.549932654752041685e+02 1.095527754763877368e+02 1.512061664102260750e+02
2.549939164398153650e+02 1.083283110427269520e+02 1.505174576873002650e+02
2.549919162031009705e+02 1.068673452479583403e+02 1.493574624215883659e+02
2.549915848029352503e+02 1.074864954432477191e+02 1.498541129127707450e+02
2.549912534027695585e+02 1.063697005562788434e+02 1.493864836075275093e+02
2.549912534027695585e+02 1.002037519233045373e+02 1.467614392235767582e+02
2.549885075156823291e+02 8.315025446798438225e+01 1.383352586104864486e+02
2.549727660078115719e+02 6.990620191738666733e+01 1.320044383950763347e+02
2.549649544324772137e+02 6.795497692034560089e+01 1.304685406556988880e+02
2.549678896910876915e+02 6.974739022369510622e+01 1.315511658184400403e+02
2.549761983666706158e+02 7.754889336016096024e+01 1.359399810628476644e+02
2.549874541365842049e+02 8.646503728251863663e+01 1.414130903065451434e+02
2.549918333530595476e+02 9.424310569298141615e+01 1.458033021659367989e+02
2.549934430110072299e+02 9.643942478399810625e+01 1.469599360871108900e+02
2.549942241685406543e+02 9.816003077287253120e+01 1.478241803763758924e+02
2.549953367262397990e+02 9.747340513670256712e+01 1.474757131021422651e+02
2.549932891466445710e+02 9.555572257071843012e+01 1.465064504675109447e+02
2.549924251390697236e+02 9.701296011362290983e+01 1.469902710379926702e+02
2.549928867321576433e+02 1.001852645283465506e+02 1.484639720677003254e+02
2.549937980826133241e+02 1.048207716889572794e+02 1.504951828618771401e+02
2.549919398745413730e+02 1.090040478163096225e+02 1.523950526689549179e+02
2.549929459107586638e+02 1.125896437448218705e+02 1.539465498875606499e+02
2.549947094330690049e+02 1.132662208545390001e+02 1.540358148893360237e+02
2.549949579831932738e+02 1.142994437211504390e+02 1.540262752988519424e+02
2.549944608829447361e+02 1.136820333767309705e+02 1.533530358622322183e+02
2.549947686116700254e+02 1.128275535566339158e+02 1.523330571665285902e+02
2.549943425257426952e+02 1.125175760445023059e+02 1.523323825304769912e+02
2.549935376967688399e+02 1.099934785181678336e+02 1.508680553911705431e+02
2.549910166883654767e+02 9.751507870753935947e+01 1.443451296011362217e+02
2.549793585039649599e+02 7.829034205231388910e+01 1.347677831696058774e+02
2.549596046869451982e+02 6.797051722097289428e+01 1.293433897502663115e+02
2.549631790744466855e+02 6.803445378151261025e+01 1.288213989821280734e+02
2.549625281098354890e+02 7.182544679843768165e+01 1.311436974789915837e+02
2.549772044028879066e+02 8.087619836667060724e+01 1.365031838087347751e+02
2.549895964019410712e+02 9.046659959758551395e+01 1.412921765889454377e+02
2.549936323825304783e+02 9.700352704462066811e+01 1.450773227600899418e+02
2.549915137886140428e+02 9.534868031719730652e+01 1.447479228311042618e+02
2.549905432595573416e+02 9.167740561013137324e+01 1.426694993490353909e+02
2.549874896437448228e+02 9.002861877145224412e+01 1.414131849923067819e+02
2.549883063084388652e+02 9.017834063202745654e+01 1.412594508225825507e+02
2.549911823884483510e+02 9.268611670020121096e+01 1.427777251745768865e+02
2.549930997751213226e+02 9.627460054444313187e+01 1.448075038466090803e+02
2.549920937389040034e+02 1.011855604213516386e+02 1.470880459225944037e+02
2.549936797254112832e+02 1.033808498047106212e+02 1.479737838797490781e+02
2.549952065333175426e+02 1.059717836430346836e+02 1.488527754763877340e+02
2.549958338264883366e+02 1.053608237661261740e+02 1.478610841519706582e+02
2.549966268197419765e+02 1.065279441354006451e+02 1.484544916558172645e+02
2.549936678896910962e+02 1.052980944490472268e+02 1.474215410107705111e+02
2.549939992898567880e+02 1.027549769203455980e+02 1.457164516510829628e+02
2.549923067818676827e+02 8.740635578174932618e+01 1.383252692626346345e+02
2.549793348325245574e+02 7.449829565629067929e+01 1.318204402887915592e+02
2.549730855722570766e+02 7.132807432832288441e+01 1.300732867795005347e+02
2.549731920937389020e+02 7.014508225825541388e+01 1.295389986980707704e+02
2.549746478873239539e+02 7.647389040123091775e+01 1.329784353177890921e+02
2.549780447390223799e+02 8.129900579950289341e+01 1.362498047106166439e+02
2.549926026748727566e+02 8.957835246774766347e+01 1.409860338501597710e+02
2.549919517102615600e+02 9.219928985678778588e+01 1.426333293880932729e+02
2.549887560658065979e+02 9.380381110190555205e+01 1.436554266777133364e+02
2.549890164516510822e+02 9.258791572967214734e+01 1.428137057639957277e+02
2.549893715232571765e+02 9.200617824594625915e+01 1.417994318854302378e+02
2.549911113741271151e+02 9.265845662208545264e+01 1.425985915492957758e+02
2.549904367380755161e+02 9.432588472008521308e+01 1.430457687300272198e+02
2.549936678896910962e+02 9.581596638655462073e+01 1.441428689785773543e+02
2.549936678896910962e+02 9.807322760089951430e+01 1.451230678186767591e+02
2.549944253757841182e+02 1.000275890637945366e+02 1.461674517694401629e+02
2.549956089478044703e+02 1.013436974789916007e+02 1.469443011007219866e+02
2.549954195762812219e+02 1.030085098828263739e+02 1.475983548348916941e+02
2.549937744111729216e+02 1.018835601846372327e+02 1.469679962125695454e+02
2.549923186175878698e+02 1.000191265238489819e+02 1.462905314238371375e+02
2.549934193395667990e+02 8.942749437803290391e+01 1.410971357557107240e+02
2.549872529293407410e+02 7.763886850514853677e+01 1.351138951355189874e+02
2.549863179074446577e+02 7.422427506213753645e+01 1.340026512013255910e+02
2.549865309504083370e+02 7.400770505385253273e+01 1.344220854538998822e+02
2.549869570363356672e+02 7.772470114806486663e+01 1.370037045804237152e+02
2.549896674162622787e+02 8.174438395076340669e+01 1.393959285122499807e+02
2.549901763522310318e+02 8.598384424192212805e+01 1.422999171499585884e+02
2.549902118593916498e+02 9.080569298141791990e+01 1.449237897976091745e+02
2.549919043673807550e+02 9.085908391525624950e+01 1.451792519824831231e+02
2.549887797372470004e+02 8.974563853710498051e+01 1.450675464552018070e+02
2.549910995384068997e+02 8.961516155758077673e+01 1.448035507160610678e+02
2.549931589537223431e+02 9.009408213989821945e+01 1.451714522428689804e+02
2.549930524322404892e+02 9.143869096934548679e+01 1.460056456385371177e+02
2.549926026748727566e+02 9.583860811930405532e+01 1.481597822227482482e+02
2.549932181323233635e+02 9.774270327849450268e+01 1.489552846490709044e+02
2.549952775476387785e+02 9.926351047461237442e+01 1.497888389158480322e+02
2.549951236832761197e+02 1.002959403479701734e+02 1.503229849686353532e+02
2.549944135400639027e+02 9.898301574150787019e+01 1.495374008758433035e+02
2.549948396259912329e+02 9.959665049118238755e+01 1.493207125103562589e+02
2.549948041188306433e+02 9.977839981062847130e+01 1.492318144159071949e+02
2.549935140253284374e+02 9.854903538880340363e+01 1.481597940584684636e+02
2.549912178956089406e+02 8.764921292460645930e+01 1.425297668363119783e+02
2.549817374837258797e+02 7.916645756894307340e+01 1.376989939637826978e+02
2.549863297431648732e+02 7.694599360871109184e+01 1.363968990413066535e+02
2.549859036572375430e+02 7.733086755829091885e+01 1.371854183927092095e+02
2.549886613800449879e+02 7.850834418274351378e+01 1.379141436856432676e+02
2.549880695940347834e+02 8.450897147591430780e+01 1.411086400757486103e+02
2.549897147591430837e+02 8.599417682565983512e+01 1.422220972896200806e+02
2.549943306900224798e+02 8.986901408450704309e+01 1.438724109362054548e+02
2.549948041188306433e+02 8.980677003195644659e+01 1.438596993727068423e+02
2.549954787548822424e+02 8.998164279796425546e+01 1.441254231269972763e+02
2.549932299680435506e+02 9.090121907918096156e+01 1.442787312107941773e+02
2.549950526689549122e+02 9.248583264291632133e+01 1.451589655580542058e+02
2.549944135400639027e+02 9.326581844005207245e+01 1.457932062966031594e+02
2.549967806841046354e+02 9.436396023198011562e+01 1.469643389750266351e+02
2.549956207835246857e+02 9.648440052077168616e+01 1.488333057166528590e+02
2.549968516984258429e+02 9.774066753461947599e+01 1.489746360516037385e+02
2.549967688483844199e+02 9.867755947449401788e+01 1.498259675701266360e+02
2.549953959048408194e+02 9.881653450112439430e+01 1.498996330926736960e+02
2.549939282755355805e+02 9.750491182388448408e+01 1.494108296839862646e+02
2.549960231980115850e+02 9.824916558172564862e+01 1.500279086282400272e+02
2.549957391407267266e+02 9.902332820452124906e+01 1.502127352349390321e+02
2.549970173985086888e+02 1.004701266422061821e+02 1.510265475204166137e+02
2.549959166765297596e+02 9.729240146762930408e+01 1.496607645875251649e+02
2.549942596757012723e+02 8.829976328559592957e+01 1.454541839270919752e+02
2.549914191028524044e+02 8.096835128417563965e+01 1.418749674517694359e+02
2.549879630725529580e+02 7.644691679488697389e+01 1.394729908864954382e+02
2.549786365250325559e+02 7.685862232216830137e+01 1.396306663510474664e+02
2.549836193632382617e+02 8.037856551071132571e+01 1.419814534264409929e+02
2.549898686235057426e+02 8.440868741862942670e+01 1.442815836193632322e+02
2.549917978458989296e+02 8.876867084862114154e+01 1.469276955852763535e+02
2.549900224878683730e+02 8.996358148893359896e+01 1.481187951236832703e+02
2.549915019528938274e+02 8.946991359924251697e+01 1.477816664694046551e+02
2.549924606462303132e+02 8.836738075511894408e+01 1.470975500059178671e+02
2.549922831104272802e+02 8.830733814652622016e+01 1.473069475677594937e+02
2.549920345603029830e+02 8.938138241211977686e+01 1.476374718901645053e+02
2.549954077405610064e+02 9.141339803527044694e+01 1.489331400165700074e+02
2.549949816546336763e+02 9.407594981654634125e+01 1.508513551899633001e+02
2.549942833471416748e+02 9.606162859510001795e+01 1.519717836430346836e+02
2.549950645046750992e+02 9.658421114924843209e+01 1.521162859510001226e+02
2.549944372115043336e+02 9.693187359450823237e+01 1.518895372233400280e+02
2.549952657119185631e+02 9.711229731329152060e+01 1.514714404071487763e+02
2.549942833471416748e+02 9.612434607645874962e+01 1.513270209492247602e+02
2.549905077523967236e+02 9.698190318380873975e+01 1.523481003669073175e+02
2.549924843176707441e+02 9.734164989939637280e+01 1.521640785891821395e+02
2.549898449520653401e+02 9.818029352586104608e+01 1.522717007929932436e+02
2.549932773109243556e+02 9.938311042726950006e+01 1.529515327257663557e+02
2.549959640194105930e+02 1.006608711090069761e+02 1.533634157888507445e+02
2.549950171617942942e+02 9.649430701858207726e+01 1.511141200142028538e+02
2.549940821398982109e+02 8.757091963545981628e+01 1.461195171026157027e+02
2.549933483252455915e+02 8.097953603976802128e+01 1.426912297313291447e+02
2.549905906024381466e+02 7.929512368327613103e+01 1.417942004971002348e+02
2.549890401230914847e+02 7.733189726594862634e+01 1.406780802461829865e+02
2.549917505030180962e+02 8.039060243815836770e+01 1.419526807906261183e+02
2.549885311871227316e+02 8.336824476269380568e+01 1.438005326074091670e+02
2.549930642679607047e+02 8.759476861167001971e+01 1.454436501361107901e+02
2.549935258610486528e+02 8.934431293644217931e+01 1.454762575452716362e+02
2.549928985678778588e+02 8.952313883299798647e+01 1.446886258728843586e+02
2.549939519469759830e+02 8.901213161320866618e+01 1.428682329269736044e+02
2.549950408332346967e+02 9.154883418155995400e+01 1.436911705527281242e+02
2.549928985678778588e+02 9.117752396733341413e+01 1.430867558290921977e+02
2.549948277902710458e+02 9.510610723162504598e+01 1.438657947686116643e+02
2.549935732039294578e+02 9.703362528109835239e+01 1.441182033376730942e+02
2.549910285240856922e+02 9.877750029589300595e+01 1.436396259912415587e+02
2.549954077405610064e+02 1.001244407622203880e+02 1.436084507042253620e+02
2.549921884246656418e+02 9.946186530950407700e+01 1.434378979760918469e+02
2.549964611196591306e+02 1.002202627529885177e+02 1.438079299325363820e+02
2.549946029115871795e+02 9.914504675109481013e+01 1.434902236951118368e+02
2.549940229612971905e+02 9.919313528228192922e+01 1.430475440880577480e+02
2.549939637826961700e+02 9.782623979169132156e+01 1.423056929814179057e+02
2.549914191028524044e+02 9.835720203574388165e+01 1.425029352586104778e+02
2.549920819031838164e+02 9.910772872529292954e+01 1.434807551189489914e+02
2.549953485619599860e+02 9.993424073854893663e+01 1.436213161320866334e+02
2.549953248905195835e+02 9.945562788495679740e+01 1.434072316250443748e+02
2.549941176470588289e+02 1.003861522073618175e+02 1.442028642442892590e+02
2.549941649899396339e+02 9.606399573914072221e+01 1.417255178127589090e+02
2.549928985678778588e+02 8.654798200970529365e+01 1.378032311516155630e+02
2.549915848029352503e+02 8.010095869333649432e+01 1.343614984021777730e+02
2.549953248905195835e+02 7.986149840217777296e+01 1.342351875961652183e+02
2.549939282755355805e+02 8.053041780092318902e+01 1.348632737602083012e+02
2.549912415670493431e+02 8.393666706119067555e+01 1.373708959640194109e+02
2.549915848029352503e+02 8.671892531660552095e+01 1.393579476861166881e+02
2.549949934903538917e+02 8.853603976801989006e+01 1.408979169132441598e+02
2.549960823766126055e+02 9.136675346194816427e+01 1.427000591786010091e+02
2.549950289975145097e+02 9.081468812877263019e+01 1.422259675701266417e+02
2.549964137767783257e+02 9.134233637116818727e+01 1.413417090779973933e+02
2.549931589537223431e+02 9.336780684104627426e+01 1.413663628831814378e+02
2.549924133033495082e+02 9.564775713102142163e+01 1.418626583027577226e+02
2.549932891466445710e+02 9.676153390933838239e+01 1.415906852881997793e+02
2.549942123328204389e+02 9.832584921292460933e+01 1.418351757604450256e+02
2.549947804473902124e+02 9.965311871227363838e+01 1.415800923186175737e+02
2.549939756184163855e+02 1.014024381583619316e+02 1.416205113031128064e+02
2.549946147473073665e+02 1.011221801396614950e+02 1.401846490708959720e+02
2.549952893833589656e+02 1.015357912178956070e+02 1.399336016096579556e+02
2.549949343117528713e+02 1.029849567996212585e+02 1.398915019528938330e+02
2.549950053260740788e+02 1.037477926381820339e+02 1.409440998934785227e+02
2.549937862468931371e+02 1.013191383595691804e+02 1.394624570955142531e+02
2.549926500177535900e+02 1.014620428453071384e+02 1.397021659367972575e+02
2.549933956681263965e+02 1.010650609539590477e+02 1.395958101550479284e+02
2.549929814179192817e+02 1.022298851935140220e+02 1.409552728133506889e+02
2.549927328677950129e+02 1.029348917031601331e+02 1.423231980115990041e+02
2.549924488105101261e+02 1.030206651674754426e+02 1.422370458042371979e+02
2.549953485619599860e+02 9.602588472008521592e+01 1.393802935258610489e+02
2.549932654752041685e+02 8.679856787785536198e+01 1.344715114214699838e+02
2.549918333530595476e+02 8.184336607882589476e+01 1.318146052787312215e+02
2.549908036454018259e+02 8.159191620310096482e+01 1.326307373653686739e+02
2.549921410817848368e+02 8.253586223221682872e+01 1.331733933009823545e+02
2.549926381820333745e+02 8.636619718309859195e+01 1.360824002840572859e+02
2.549948988045922533e+02 9.105337909811811414e+01 1.386486684814771024e+02
2.549939637826961700e+02 9.503338856669428480e+01 1.412544443129364424e+02
2.549941886613800364e+02 9.555264528346549469e+01 1.421021541010770477e+02
2.549967806841046354e+02 9.404677476624452481e+01 1.412863179074446691e+02
2.549958219907681496e+02 9.323538880340868218e+01 1.408145342644099856e+02
2.549932891466445710e+02 9.433095040833234179e+01 1.419401112557699207e+02
2.549949934903538917e+02 9.540200023671440022e+01 1.419891348088531231e+02
2.549951710261569531e+02 9.678333530595337209e+01 1.421158125221919875e+02
2.549963782696177077e+02 1.001414013492721011e+02 1.438547875488223440e+02
2.549964374482187282e+02 1.030726121434489357e+02 1.462412474849094508e+02
2.549939164398153650e+02 1.046821162267723935e+02 1.476649544324772023e+02
2.549968516984258429e+02 1.052572612143448936e+02 1.478997632855959239e+02
2.549947094330690049e+02 1.029561604923659672e+02 1.464410817848265935e+02
2.549955379334832628e+02 1.027035743875014759e+02 1.458999408213989852e+02
2.549961770623742439e+02 1.022003787430465138e+02 1.460758077879038979e+02
2.549947567759498099e+02 1.036734406438631737e+02 1.470118002130429602e+02
2.549952065333175426e+02 1.052285595928512265e+02 1.476186649307610423e+02
2.549956089478044703e+02 1.070756184163806353e+02 1.478213989821280734e+02
2.549949106403124688e+02 1.076263699846135609e+02 1.482102260622558845e+02
2.549953840691206040e+02 1.076980471061664133e+02 1.488791099538406968e+02
2.549923777961888902e+02 9.321835720203574738e+01 1.424915374600544453e+02
2.549893360160965869e+02 8.301407267132205448e+01 1.366975263344774589e+02
2.549900224878683730e+02 7.781122026275298253e+01 1.336074446680080428e+02
2.549902118593916498e+02 7.853502189608236961e+01 1.342693218132323238e+02
2.549915729672150633e+02 8.098621138596283231e+01 1.361212332820452104e+02
2.549917860101787142e+02 8.769199905314238208e+01 1.395605752160018938e+02
2.549896674162622787e+02 9.207492010888861955e+01 1.424432122144632444e+02
2.549902828737128573e+02 9.406790152680790129e+01 1.435268789205823055e+02
2.549902828737128573e+02 9.372167120369275040e+01 1.430087110900698235e+02
2.549915966386554658e+02 9.257287252929340582e+01 1.420984495206533325e+02
2.549913717599715994e+02 9.192670138477926400e+01 1.424091135045567569e+02
2.549938454254941291e+02 9.251414368564327617e+01 1.423196472955379477e+02
2.549951473547165222e+02 9.400471061664102024e+01 1.428638182033376722e+02
2.549935968753698603e+02 9.661749319446087725e+01 1.443051011954077296e+02
2.549947804473902124e+02 9.955008876790152783e+01 1.459776541602556392e+02
2.549965913125813586e+02 1.015357202035743853e+02 1.464902828737128573e+02
2.549944253757841182e+02 1.033628240028405685e+02 1.470823884483370705e+02
2.549926855249141795e+02 1.045229731329151406e+02 1.479664930761036885e+02
2.549936797254112832e+02 1.034300153864362670e+02 1.472242277192567030e+02
2.549939519469759830e+02 1.035103325837377213e+02 1.469009586933364915e+02
2.549928275535566229e+02 1.024343827671913800e+02 1.460595100011835825e+02
2.549924606462303132e+02 1.032791691324417087e+02 1.460038821162267766e+02
2.549932299680435506e+02 1.055291750503018164e+02 1.469295537933483331e+02
2.549932299680435506e+02 1.058909220026038582e+02 1.471580068647177200e+02
2.549925434962717361e+02 1.013173985086992559e+02 1.441663628831814492e+02
2.549927091963546104e+02 8.829024736655225070e+01 1.377311634512959984e+02
2.549867676648123904e+02 8.038384424192211952e+01 1.333730737365368668e+02
2.549883891584802882e+02 7.979288673215765471e+01 1.327512486684814803e+02
2.549912534027695585e+02 8.119048408095632396e+01 1.334002367144040591e+02
2.549901290093502269e+02 8.686149840217777296e+01 1.371494614747307423e+02
2.549908391525624438e+02 9.160940939756184775e+01 1.399793821754053624e+02
2.549939282755355805e+02 9.648885075156823632e+01 1.435585513078470683e+02
2.549932418037637660e+02 9.757186649307610082e+01 1.442203929459107599e+02
2.549940703041779955e+02 9.642992070067464283e+01 1.444582554148420002e+02
2.549968043555450379e+02 9.520672268907563307e+01 1.436370576399573906e+02
2.549951828618771401e+02 9.481259320629659726e+01 1.438504911823884527e+02
2.549959521836903775e+02 9.619532489051958635e+01 1.450104391052195467e+02
2.549944017043437157e+02 9.887455320156232119e+01 1.463371404899988306e+02
2.549960113622913980e+02 1.015132086637471929e+02 1.477174221801396641e+02
2.549944135400639027e+02 1.046188543022842907e+02 1.494629778672032216e+02
2.549938217540537266e+02 1.078064504675109418e+02 1.514095869333648920e+02
2.549930524322404892e+02 1.076694283347141692e+02 1.507932891466445824e+02
2.549931826251627456e+02 1.086336962954195826e+02 1.510770860456858884e+02
2.549942951828618902e+02 1.080043200378743080e+02 1.506496271748135882e+02
2.549945792401467770e+02 1.088790981181204813e+02 1.509265830275772373e+02
2.549927210320747974e+02 1.084798319327731093e+02 1.498169250798911207e+02
2.549927920463960334e+02 1.096979524204047749e+02 1.504194342525742627e+02
2.549942951828618902e+02 1.068100840336134496e+02 1.485045330808379731e+02
2.549898567877855271e+02 9.322107941768256012e+01 1.411448218724109438e+02
2.549901053379098244e+02 8.076687181915019664e+01 1.346569889927802137e+02
2.549885075156823291e+02 7.766050420168066637e+01 1.330336016096579499e+02
2.549867084862113984e+02 7.956134453781513116e+01 1.336095750976446936e+02
2.549899633092673810e+02 8.600665167475440853e+01 1.373548940703041694e+02
2.549925790034323541e+02 9.490401230914901021e+01 1.419118475559237709e+02
2.549941531542194468e+02 9.948574979287489839e+01 1.443752278376139202e+02
2.549945082258255411e+02 1.044075866966504975e+02 1.470261214344892835e+02
2.549925553319919516e+02 1.016137294354361416e+02 1.452859628358385748e+02
2.549935732039294578e+02 9.956223221683039526e+01 1.438537223340040327e+02
2.549953485619599860e+02 9.846375902473666031e+01 1.430578056574742618e+02
2.549948514617114483e+02 9.870192922239317568e+01 1.428904130666350909e+02
2.549940229612971905e+02 1.017801278257781945e+02 1.438658421114924977e+02
2.549959285122499750e+02 1.058495916676529731e+02 1.457702805065688381e+02
2.549959876908509955e+02 1.103058586815007658e+02 1.481563143567286147e+02
2.549963901053379232e+02 1.137102852408569049e+02 1.494855367499112333e+02
2.549963427624570897e+02 1.138896082376612640e+02 1.487574624215883432e+02
2.549966623269025945e+02 1.167311871227364151e+02 1.500874304651437967e+02
2.549968872055864608e+02 1.163513906971239180e+02 1.496015623150668716e+02
2.549975381701976573e+02 1.150501952893833533e+02 1.483696295419576359e+02
2.549950171617942942e+02 1.145799384542549433e+02 1.483230559829565607e+02
2.549970410699491197e+02 1.138149958574979337e+02 1.478261332702094819e+02
2.549950171617942942e+02 1.057466919162031047e+02 1.431799621256953401e+02
2.549942360042608698e+02 8.589514735471652784e+01 1.333953012190791867e+02
2.549850988282636877e+02 7.395856314356728944e+01 1.276610013019292182e+02
2.549789915966386502e+02 7.147849449639009833e+01 1.259579950289975159e+02
2.549842348206888403e+02 7.806933364895253646e+01 1.290993608711090133e+02
2.549923541247484877e+02 8.981452242868978431e+01 1.359511658184400460e+02
2.549953248905195835e+02 9.890011835720203237e+01 1.415104509409397622e+02
2.549939164398153650e+02 1.073955142620428518e+02 1.463606107231624947e+02
2.549940703041779955e+02 1.100092436974789933e+02 1.472623979169132440e+02
2.549953130547993965e+02 1.051798911113741326e+02 1.443346668244762725e+02
2.549937389040123037e+02 1.027780447390223628e+02 1.431850633211030868e+02
2.549926618534737770e+02 1.002743283228784463e+02 1.413764469167948903e+02
2.549932181323233635e+02 9.974002840572849493e+01 1.415710261569416559e+02
2.549935968753698603e+02 1.025559592851224977e+02 1.429425967570126659e+02
2.549952775476387785e+02 1.058934903538880405e+02 1.445915966386554601e+02
2.549934193395667990e+02 1.083436738075511840e+02 1.456327020949224789e+02
2.549975618416380598e+02 1.116323233518759679e+02 1.470092200260385766e+02
2.549957036335661087e+02 1.121445378151260570e+02 1.469014913007456471e+02
2.549968161912652249e+02 1.142623032311516198e+02 1.477551071132678544e+02
2.549940939756184264e+02 1.136903420523138806e+02 1.467676648124038365e+02
2.549935495324890553e+02 1.121096697834063178e+02 1.458361107823411089e+02
2.549923304533080852e+02 1.016533554266777202e+02 1.405170552728133373e+02
2.549817019765652617e+02 8.195786483607527373e+01 1.306677121552846472e+02
2.549734169724227684e+02 6.843366078825896182e+01 1.244625162741152735e+02
2.549676411409634227e+02 6.557978458989229864e+01 1.225181559947922807e+02
2.549627293170789528e+02 7.211703160137294333e+01 1.257995384069120632e+02
2.549792283110427320e+02 8.307450585868150483e+01 1.325125932062966001e+02
2.549881761155166373e+02 9.531582435791217733e+01 1.395319091016688446e+02
2.549949106403124688e+02 1.040243934193395603e+02 1.442196472955379249e+02
2.549930169250798997e+02 1.077689785773464308e+02 1.467177535803053559e+02
2.549937980826133241e+02 1.057711445141436855e+02 1.456025210084033574e+02
2.549922594389868493e+02 9.953570836785418408e+01 1.424086519114688087e+02
2.549923541247484877e+02 9.685036098946621053e+01 1.403881524440762121e+02
2.549932181323233635e+02 9.852665404189845333e+01 1.411775476387738308e+02
2.549939282755355805e+02 1.015683276127352315e+02 1.425579950289975102e+02
2.549901053379098244e+02 1.043267960705408939e+02 1.440957628121671235e+02
2.549915492957746608e+02 1.064857142857142804e+02 1.448503136465853913e+02
2.549922357675464468e+02 1.084687063557817481e+02 1.455047342880814369e+02
2.549897739377441042e+02 1.095704935495324861e+02 1.457725884720085219e+02
2.549912297313291560e+02 1.117989229494614705e+02 1.466032666587761923e+02
2.549921174103444059e+02 1.121223103325837371e+02 1.469986388921765865e+02
2.549892058231743306e+02 1.099697005562788519e+02 1.453335542667771279e+02
2.549884009942005036e+02 8.844492839389276639e+01 1.343227719256716739e+02
2.549744348443602746e+02 7.057816309622440087e+01 1.252814415907207888e+02
2.549614155521363443e+02 6.592870162149367275e+01 1.225285359214108212e+02
2.549562670138477927e+02 6.568925316605515263e+01 1.222211622677239973e+02
2.549657474257308536e+02 7.340840336134453992e+01 1.270530121907918044e+02
2.549724701148064980e+02 8.435118948988045418e+01 1.334267013847792498e+02
2.549888389158480209e+02 9.358069594034796523e+01 1.382397561841638094e+02
2.549890874659723181e+02 9.802684341342170171e+01 1.409281571783643017e+02
2.549907563025210209e+02 1.010283583856077598e+02 1.423111847555923646e+02
2.549867913362528213e+02 9.838242395549768560e+01 1.413706829210557601e+02
2.549825659841401375e+02 9.577245827908627973e+01 1.400777488460172719e+02
2.549863652503254912e+02 9.597915729672151031e+01 1.400971239199905369e+02
2.549840099420049739e+02 9.820891229731329020e+01 1.412492721032074883e+02
2.549847792638182113e+02 1.028775949816546387e+02 1.436827908628239925e+02
2.549871937507397206e+02 1.079226654041898428e+02 1.463583145934429979e+02
2.549875014794650383e+02 1.127132678423482020e+02 1.486525032548230456e+02
2.549879867439933605e+02 1.172586104864481058e+02 1.510341578885075080e+02
2.549906497810391670e+02 1.207165463368446012e+02 1.523184163806367621e+02
2.549934193395667990e+02 1.217587406793703337e+02 1.522388921765889336e+02
2.549956917978458932e+02 1.209838797490827318e+02 1.518168067226890798e+02
2.549940584684578084e+02 1.056853473783879735e+02 1.435257071842821688e+02
2.549864362646466986e+02 8.369384542549414618e+01 1.324633092673689134e+02
2.549729553793348202e+02 7.299777488460172492e+01 1.266358385607764205e+02
2.549698070777606915e+02 7.166743993371996169e+01 1.256344656172328058e+02
2.549750384660906661e+02 7.872245236122617484e+01 1.297062137531068799e+02
2.549850751568232852e+02 8.940037874304651666e+01 1.362615930879393886e+02
2.549895372233400508e+02 1.005456148656645752e+02 1.422551426204284439e+02
2.549901645165108164e+02 1.086583619363238284e+02 1.467684933128180944e+02
2.549911468812877331e+02 1.098276955852763592e+02 1.473465735590010581e+02
2.549932654752041685e+02 1.078698899278021059e+02 1.456506095395904765e+02
2.549926145105929720e+02 1.029752633447745325e+02 1.432169250798910980e+02
2.549917386672979092e+02 1.005241567049354927e+02 1.416187241093620628e+02
2.549899633092673810e+02 1.013210912534027699e+02 1.418013729435436119e+02
2.549889454373298747e+02 1.035185939164398121e+02 1.428129246064623032e+02
2.549884483370813086e+02 1.063777370102970821e+02 1.446212806249260154e+02
2.549895253876198353e+02 1.093179192803882103e+02 1.460191028524085652e+02
2.549885193514025445e+02 1.119093265475204220e+02 1.469452242868978544e+02
2.549898922949461451e+02 1.125960942123328152e+02 1.473688720558645855e+02
2.549902947094330727e+02 1.146172801514972122e+02 1.478294354361462979e+02
2.549889572730500618e+02 1.102662563616996039e+02 1.453736418511066404e+02
2.549850396496626956e+02 9.304694046632737070e+01 1.370432477216238567e+02
2.549777251745768751e+02 7.602904485737957430e+01 1.281696177062374318e+02
2.549721150432003753e+02 6.957520416617350634e+01 1.247597112084270350e+02
2.549741271156349853e+02 7.143625281098354662e+01 1.252652621612025143e+02
2.549765534382767100e+02 8.147056456385371348e+01 1.316814652621611970e+02
2.549835601846372413e+02 9.240040241448691916e+01 1.381049118238844926e+02
2.549889336016096593e+02 1.042382885548585563e+02 1.445486448100366772e+02
2.549890164516510822e+02 1.082044147236359350e+02 1.466906261095987816e+02
2.549882589655580603e+02 1.079533909338383211e+02 1.464080956326192506e+02
2.549881169369156169e+02 1.049671203692744683e+02 1.450684104627766544e+02
2.549876080009468637e+02 1.008290566930997727e+02 1.424626583027577169e+02
2.549865072789679346e+02 1.012495324890519584e+02 1.426313291513788499e+02
2.549892413303349485e+02 1.040008876790152641e+02 1.439650609539590391e+02
2.549900343235885884e+02 1.077759379808261286e+02 1.459468931234465572e+02
2.549898212806249376e+02 1.121852763640667519e+02 1.479177180731447550e+02
2.549906971239200004e+02 1.157010415433779116e+02 1.491522547046987768e+02
2.549915137886140428e+02 1.167798082613327040e+02 1.483726476506095366e+02
2.549909101668836513e+02 1.190432122144632530e+02 1.484773227600899475e+02
2.549927920463960334e+02 1.188784944963901040e+02 1.471129246064623146e+02
2.549880222511539785e+02 1.064651793111610800e+02 1.388490590602438033e+02
2.549761510237898108e+02 8.264759143093857574e+01 1.261856669428334783e+02
2.549677594981654636e+02 7.010217777251746440e+01 1.189371996685998312e+02
2.549558054207598445e+02 6.715700082850041497e+01 1.160491655817256458e+02
2.549637826961770486e+02 7.239666232690258596e+01 1.181040359805894155e+02
2.549730145579358407e+02 8.270624926026748369e+01 1.234360397680198815e+02
2.549864599360871011e+02 9.572900935021895918e+01 1.312847319209373893e+02
2.549906616167593825e+02 1.036972186057521554e+02 1.357284057284885819e+02
2.549878565510711326e+02 1.047456740442655985e+02 1.370168185584092839e+02
2.549892531660551640e+02 1.024054799384542491e+02 1.359377322760090010e+02
2.549880459225943810e+02 9.974423008640076205e+01 1.346930169250798883e+02
2.549888152444076184e+02 9.952562433424073163e+01 1.346335069238963058e+02
2.549894898804592174e+02 9.939788140608355604e+01 1.347168895727305085e+02
2.549909338383240538e+02 1.043546573559001018e+02 1.374070540892413419e+02
2.549897857734643196e+02 1.073465143804000519e+02 1.394243224050183585e+02
2.549905550952775570e+02 1.111310214226535749e+02 1.418180731447508549e+02
2.549903183808734752e+02 1.138396496626819783e+02 1.425949816546336706e+02
2.549887442300864109e+02 1.139695821990768110e+02 1.430004971002485377e+02
2.549886377086045570e+02 1.153420049710024813e+02 1.435545981772990842e+02
2.549890401230914847e+02 1.152774411172919855e+02 1.426806130903065366e+02
2.549881642797964219e+02 1.068253047697952383e+02 1.380739969227127517e+02
2.549838679133625305e+02 8.639782222748253560e+01 1.287192567167712127e+02
2.549716416143922402e+02 7.164759143093857574e+01 1.210583974434844379e+02
2.549643153035862326e+02 6.693414605278731244e+01 1.181389750266303764e+02
2.549710971712628691e+02 7.161949343117528599e+01 1.211727896792519772e+02
2.549792046396023295e+02 8.086012545863415824e+01 1.263286424428926438e+02
2.549861640430820273e+02 9.167254112912770836e+01 1.325944490472245150e+02
2.549867439933719879e+02 1.001262516274115342e+02 1.377681500769321872e+02
2.549866611433305650e+02 1.029150076932181292e+02 1.400250562196709723e+02
2.549841874778080353e+02 1.000099656764114116e+02 1.394236004260859261e+02
2.549834063202745824e+02 9.576298970292342005e+01 1.375697478991596654e+02
2.549903302165936907e+02 9.164212332820451934e+01 1.354131494851461639e+02
2.549909811812048872e+02 9.327682565984140695e+01 1.363884838442419323e+02
2.549888625872884234e+02 9.594491655817256515e+01 1.380228192685524959e+02
2.549893241803763715e+02 1.003595455083441834e+02 1.409898449520653401e+02
2.549899751449875680e+02 1.051915848029352532e+02 1.445702213279678006e+02
2.549872884365013590e+02 1.068964137767783171e+02 1.452784471535092905e+02
2.549898804592259580e+02 1.088062492602674922e+02 1.464774292815717729e+02
2.549894543732986278e+02 1.089550834418274405e+02 1.461942715114214764e+02
2.549887679015268134e+02 1.106875843295064499e+02 1.471963427624571068e+02
2.549848739495798213e+02 1.044462895017161799e+02 1.440777961888981054e+02
2.549838442419221280e+02 8.936431530358622410e+01 1.357643271393064310e+02
2.549780210675819490e+02 7.833098591549295975e+01 1.296498875606580725e+02
2.549710143212214462e+02 7.704196946384188038e+01 1.286678896910877086e+02
2.549750858089714711e+02 8.019997632855958614e+01 1.306354124748490904e+02
2.549882589655580603e+02 9.105376967688484058e+01 1.374580778790389388e+02
2.549880104154337914e+02 9.966509646111965992e+01 1.419924843176707441e+02
2.549879038939519376e+02 1.077885430228429442e+02 1.468136347496745202e+02
2.549868978577346468e+02 1.089135637353532928e+02 1.468871819150195392e+02
2.549888270801278338e+02 1.070397325127234041e+02 1.460002722215646713e+02
2.549900579950289909e+02 1.044063321103089095e+02 1.442518522902118718e+02
2.549901881879512473e+02 1.020508225825541473e+02 1.427354716534501051e+02
2.549897976091845067e+02 1.034559592851225034e+02 1.433526216120251036e+02
2.549877026867084737e+02 1.057312936442182547e+02 1.445443129364421964e+02
2.549889454373298747e+02 1.084981654633684514e+02 1.461470469878092047e+02
2.549884601728015241e+02 1.116928275535566399e+02 1.477402887915729650e+02
2.549880340868741939e+02 1.148743875014794611e+02 1.488112202627529825e+02
2.549893005089359690e+02 1.158508344182743457e+02 1.489168185584092896e+02
2.549847674280979959e+02 1.180843768493312780e+02 1.503155758077878943e+02
2.549878802225115351e+02 1.135711800213043006e+02 1.475689193987454075e+02
2.549831459344300981e+02 9.789295774647887072e+01 1.387152680790626107e+02
2.549779263818203390e+02 8.432156468221091927e+01 1.323910521955261004e+02
2.549799976328559694e+02 8.013427624570955743e+01 1.295710143212214405e+02
2.549785655107113200e+02 8.415437329861522642e+01 1.316884483370812973e+02
2.549814415907208058e+02 9.350318380873476087e+01 1.370135282281926834e+02
2.549833116345129724e+02 1.049911232098473164e+02 1.438022606225588902e+02
2.549828263699846218e+02 1.131268789205823140e+02 1.478218013966149726e+02
2.549846490708959550e+02 1.164016096579476880e+02 1.494171973014557864e+02
2.549860220144395839e+02 1.142218605752159988e+02 1.487380873476151066e+02
2.549854538998698104e+02 1.110831104272695029e+02 1.473104272694993426e+02
2.549852053497455415e+02 1.069024855012427508e+02 1.442928275535566343e+02
2.549829802343472522e+02 1.064728370221327935e+02 1.440518996330926598e+02
2.549800331400165589e+02 1.098760089951473589e+02 1.455660433187359502e+02
2.549808261332701989e+02 1.147107113267842351e+02 1.479129601136229155e+02
2.549777843531778956e+02 1.187311516155758113e+02 1.498910640312462874e+02
2.549798556042135260e+02 1.201203692744703488e+02 1.506823766126168778e+02
2.549832406201917365e+02 1.227941886613800477e+02 1.515665877618653212e+02
2.549855367499112333e+02 1.236526571191857045e+02 1.515282992070067394e+02
2.549868860220144313e+02 1.215323115161557581e+02 1.498798911113741212e+02
2.549834773345958183e+02 1.062896792519824771e+02 1.413467510948041195e+02
2.549760800094685749e+02 9.027987927565392567e+01 1.333409397561841558e+02
2.549724227719256646e+02 8.415855130784707683e+01 1.300783643034678789e+02
2.549638418747780690e+02 8.505582909220025556e+01 1.298492602674872671e+02
2.549791928038821140e+02 9.363104509409397735e+01 1.344841638063676044e+02
2.549855367499112333e+02 1.056347023316368734e+02 1.409134572138714532e+02
2.549819860338501485e+02 1.138980589418866174e+02 1.459252100840336084e+02
2.549789560894780323e+02 1.153443247721623806e+02 1.465236122618061358e+02
2.549798556042135260e+02 1.146251153982719870e+02 1.458456503728251903e+02
2.549829328914664472e+02 1.101963190910166901e+02 1.430289856787785538e+02
2.549807432832287759e+02 1.075255059770387049e+02 1.411755118948988184e+02
2.549780565747425669e+02 1.066735353296248121e+02 1.405395194697597390e+02
2.549763403953130592e+02 1.080084625399455547e+02 1.412020475795952166e+02
2.549730027222156536e+02 1.104405846845780559e+02 1.426531068765534371e+02
2.549762930524322542e+02 1.133148419931352890e+02 1.441408569061427443e+02
2.549776778316960701e+02 1.161053615812522253e+02 1.451474375665759169e+02
2.549803763759024662e+02 1.165302402651201277e+02 1.454188187951236841e+02
2.549783998106284741e+02 1.140221564682210982e+02 1.436668954905906048e+02
2.549761391880695953e+02 9.591500769321812925e+01 1.345383832406201918e+02
2.549702686708486112e+02 8.097384305835009854e+01 1.273325600662800383e+02
2.549663628831814322e+02 7.732214463250089409e+01 1.253695348561959975e+02
2.549691797845898975e+02 7.748189134808852430e+01 1.252356373535329652e+02
2.549748017516865843e+02 8.785037282518641177e+01 1.309307847082494902e+02
2.549787075393537634e+02 9.974997041069948978e+01 1.376539353769676950e+02
2.549843295064504787e+02 1.090942123328204474e+02 1.431298260149130215e+02
2.549808616404308168e+02 1.090593561368209237e+02 1.432349508817611650e+02
2.549800686471771769e+02 1.067348088531187074e+02 1.419458752515090509e+02
2.549810155047934757e+02 1.018258255414841926e+02 1.393216830394129602e+02
2.549809563261924552e+02 1.009220499467392642e+02 1.387285122499704073e+02
2.549835365131968388e+02 1.015118238844833769e+02 1.386306190081666330e+02
2.549788732394366093e+02 1.033640312463013373e+02 1.394413184992306753e+02
2.549802580187004253e+02 1.054716771215528439e+02 1.410459344301100657e+02
2.549774056101313704e+02 1.072822819268552479e+02 1.417461948159545386e+02
2.549786601964729584e+02 1.100356136820925599e+02 1.431485146171144436e+02
2.549804355545034866e+02 1.086572020357438788e+02 1.420882471298378391e+02
2.549725292934074901e+02 9.190633211030890948e+01 1.340739614155521338e+02
2.549580542075985363e+02 7.536881287726357925e+01 1.257979169132441655e+02
2.549561723280861543e+02 7.037199668599834013e+01 1.229023553083205087e+02
2.549537104982838116e+02 7.025801870043791553e+01 1.229431648715824394e+02
2.549633921174103364e+02 7.454417090779973876e+01 1.262169369156113135e+02
2.549747070659249744e+02 8.477031601372944181e+01 1.323188543022843078e+02
2.549740205941531599e+02 9.129902947094331012e+01 1.362777961888980940e+02
2.549828026985442193e+02 9.674682210912534686e+01 1.397396023198011505e+02
2.549845307136939141e+02 9.577683749556160819e+01 1.389595810155047957e+02
2.549868741862942443e+02 9.435681145697715522e+01 1.384764350810746976e+02
2.549879867439933605e+02 9.328945437329861079e+01 1.377561604923659502e+02
2.549890637945318872e+02 9.627610368090898874e+01 1.393665285832642837e+02
2.549863415788850887e+02 9.930061545745058993e+01 1.409916558172564862e+02
2.549867913362528213e+02 1.028244289265001754e+02 1.424811456977157036e+02
2.549861522073618119e+02 1.054887442300863967e+02 1.444024026512013279e+02
2.549862468931234503e+02 1.089601254586341526e+02 1.460506450467511002e+02
2.549867795005326059e+02 1.112023671440407213e+02 1.466517339330098366e+02
2.549861877145224298e+02 1.062181086519114643e+02 1.441145697715705865e+02
2.549840691206059944e+02 8.916797254112913151e+01 1.358107823411054653e+02
2.549773937744111834e+02 7.958531187122736128e+01 1.308168777370102873e+02
2.549721623860811803e+02 7.515703633566101871e+01 1.280567286069357351e+02
2.549721032074801883e+02 7.606777133388567336e+01 1.285420049710024841e+02
