2.548712175792507253e+02 5.551621037463976904e+01 1.094272652144431248e+02
2.549481585862010604e+02 8.102410366163756805e+01 1.371575266994405808e+02
2.549402652992032472e+02 5.007991820647567494e+01 1.225254386336667238e+02
2.549358683675199302e+02 7.894013815901000441e+01 1.350578064078657405e+02
2.549484128665875460e+02 8.226414434649940688e+01 1.365776826580776344e+02
2.549604805899304836e+02 9.098066409560942702e+01 1.416167888625190585e+02
2.549131420579759322e+02 7.404208340396677102e+01 1.305914773690456059e+02
2.549316409560942418e+02 7.957420749279539507e+01 1.339778564163417514e+02
2.549416320562807243e+02 7.694707789455840441e+01 1.325858514154941474e+02
2.549513159010001573e+02 7.827566112900491646e+01 1.327459315138158900e+02
2.549454886421427489e+02 8.062539201559586388e+01 1.333246101034073661e+02
2.549453826919816777e+02 8.407188718426851892e+01 1.350205543312425789e+02
2.549582556365485573e+02 8.713381505339887667e+01 1.367049182064756678e+02
2.549672614002373336e+02 8.940008899813527421e+01 1.383935942532632737e+02
2.549675262756399263e+02 9.115273775216138574e+01 1.390909158331920707e+02
2.549657145278860924e+02 9.047919138837090713e+01 1.384066049330394890e+02
2.549654814375317926e+02 9.093218130191557691e+01 1.384933781149347283e+02
2.549664032039328561e+02 9.020987667401254839e+01 1.376048270893371637e+02
2.549576305305984079e+02 9.003138243770131055e+01 1.370785938294626192e+02
2.549512735209357572e+02 8.933672020681471793e+01 1.360538650618748875e+02
2.549523118325139990e+02 9.062416299372775086e+01 1.366320350906933356e+02
2.549492816579081307e+02 8.814626419732158524e+01 1.351901275639938831e+02
2.549184077809798339e+02 7.554836624851670024e+01 1.285990104254958339e+02
2.548604848279369435e+02 6.051908162400406610e+01 1.207289053229360860e+02
2.548281064587218054e+02 5.588291447703000614e+01 1.186778373453127671e+02
2.548273012374978919e+02 5.677252500423800541e+01 1.194106098491269705e+02
2.548342621630784777e+02 6.184440159349042432e+01 1.224151339210035587e+02
2.548796300220376452e+02 6.972297211391760641e+01 1.272704483810815361e+02
2.549158649771147793e+02 7.610068443804034644e+01 1.314480420410239105e+02
2.549330924733005475e+02 8.100200245804373367e+01 1.343621376504492275e+02
2.549385489065943489e+02 8.056731013731140933e+01 1.340397419054077091e+02
2.549314714358365848e+02 7.802429437192743933e+01 1.328331708764197288e+02
2.549202830988303106e+02 7.593209654178674839e+01 1.314250190710289985e+02
2.549167761484997357e+02 7.591633115782336461e+01 1.312410895914561877e+02
2.549296279030344010e+02 7.762089972876758281e+01 1.322918397185963784e+02
2.549349889811832384e+02 8.032975928123410370e+01 1.334645490761145936e+02
2.549342473300559391e+02 8.227785429733853562e+01 1.347625868791320443e+02
2.549480526360400177e+02 8.422546194270215381e+01 1.359847855568740442e+02
2.549395024580437337e+02 8.626265044922868697e+01 1.366303822681810516e+02
2.549450436514663636e+02 8.707737540261061326e+01 1.370636442617392845e+02
2.549500444990676442e+02 8.734760128835395676e+01 1.370721626546872471e+02
2.549444185455161858e+02 8.553972071537548061e+01 1.356970461095100973e+02
2.549443549754195715e+02 8.549565604339719016e+01 1.355286277335141563e+02
2.549422147821664737e+02 8.469781954568570370e+01 1.347505721308696423e+02
2.549425644176979233e+02 8.539609467706391399e+01 1.350939566028140462e+02
2.549430200033904157e+02 8.277424139684691795e+01 1.337954949991523961e+02
2.549151551110357730e+02 6.932016019664349926e+01 1.276350228852347897e+02
2.548650830649262673e+02 5.762396168842176536e+01 1.212566112900491646e+02
2.548359785556874044e+02 5.481679098152228846e+01 1.195400067808103017e+02
2.548369532971690035e+02 5.580313400576368821e+01 1.202453805729784762e+02
2.548534815222919008e+02 6.268584717748770885e+01 1.245354827089337135e+02
2.548925135616206035e+02 7.045143244617732137e+01 1.294393329377860766e+02
2.549131208679437179e+02 7.542263519240549385e+01 1.319273499745719676e+02
2.549108429394812561e+02 7.754667104593998772e+01 1.325526996101034172e+02
2.549179945753517416e+02 7.853223003898965260e+01 1.333374830479742457e+02
2.549108323444651774e+02 7.681978937107984962e+01 1.318101690964570309e+02
2.549111078148838772e+02 7.340496270554331204e+01 1.298191960501779931e+02
2.549235781488388000e+02 7.488842388540430761e+01 1.303838998135277052e+02
2.549333573487031686e+02 8.029703127648754446e+01 1.329769028648923666e+02
2.549336116290896825e+02 8.300059332090184228e+01 1.343209760128835342e+02
2.549543248855738398e+02 8.650457704695710959e+01 1.354705776402780089e+02
2.549587641973215852e+02 8.805291151042550268e+01 1.364910895914561877e+02
2.549588595524665209e+02 8.978156255297507471e+01 1.372360675538226928e+02
2.549562425834887165e+02 8.922583276826580345e+01 1.366750190710289985e+02
2.549569524495677229e+02 8.944724741481607566e+01 1.363016930835734968e+02
2.549554161722325887e+02 8.823166002712324030e+01 1.354715523817596079e+02
2.549603216646889337e+02 8.865325690795050662e+01 1.350921448550601838e+02
2.549516019664349926e+02 8.702667825055094397e+01 1.332025661129004845e+02
2.549488366672317454e+02 8.287800898457365406e+01 1.307806937616545042e+02
2.549074525343278594e+02 6.874826241735887322e+01 1.231297253771825666e+02
2.548550601796914634e+02 6.072296151890150639e+01 1.184712133412442796e+02
2.548474953381929140e+02 5.747532420749279680e+01 1.168836243431090054e+02
2.548517863197152167e+02 6.113860400067807888e+01 1.195581348533649759e+02
2.548851818104763538e+02 6.709943422614001918e+01 1.234441112900491646e+02
2.549068380233937887e+02 7.300235209357518329e+01 1.273535768774368506e+02
2.549256229869469337e+02 7.852345736565519019e+01 1.307511442617392845e+02
2.549296279030344010e+02 7.993896211222241277e+01 1.316861650279708442e+02
2.549312489404983921e+02 7.858685794202406782e+01 1.312054161722325887e+02
2.549202195287336963e+02 7.583140150873029484e+01 1.294270321240888393e+02
2.549242350398372707e+02 7.534273817596202605e+01 1.290324843193761524e+02
2.549266718935412825e+02 7.629286743515849878e+01 1.299848915070350870e+02
2.549281551957959095e+02 7.812184268520087471e+01 1.310536425665366949e+02
2.549381568909984708e+02 8.080305984065095970e+01 1.325932997118155754e+02
2.549393435328021837e+02 8.364557552127479312e+01 1.340704886421427489e+02
2.549496524834717661e+02 8.620848872690287124e+01 1.350163375148330260e+02
2.549609891507035115e+02 8.826031954568570370e+01 1.360510255975589189e+02
2.549582768265807715e+02 8.946859637226648942e+01 1.365707747075775558e+02
2.549559353280216953e+02 8.837338955755213021e+01 1.355039731310391460e+02
2.549599402441091627e+02 8.915154051534157986e+01 1.357453170028818477e+02
2.549530746736735125e+02 8.841120317002881279e+01 1.351038417528394575e+02
2.549584781318867499e+02 8.926378411595185014e+01 1.356425877267333533e+02
2.549495465333107234e+02 8.599164053229361571e+01 1.330308209018477612e+02
2.549244681301915705e+02 7.415871334124427960e+01 1.268442850483132673e+02
2.548769494829632265e+02 6.131372902186811302e+01 1.203423355653500550e+02
2.548503983726055253e+02 5.852571410408543784e+01 1.183963701474826280e+02
2.548451538396338378e+02 5.973511400237328672e+01 1.194948932022376624e+02
2.548626991863027627e+02 6.629258136972367765e+01 1.237507946262078349e+02
2.549062023224275322e+02 7.373347177487710269e+01 1.286262078318358988e+02
2.549370444143075076e+02 8.037253136124766684e+01 1.329015405153415941e+02
2.549432530937447154e+02 8.376891210374640195e+01 1.347600228852347755e+02
2.549327852178335263e+02 8.206077301237498034e+01 1.335176936768943960e+02
2.549346499406678959e+02 7.735168036955415971e+01 1.311639048991354457e+02
2.549247541956263774e+02 7.633623283607390420e+01 1.304637120698423587e+02
2.549212366502796954e+02 7.682349762671638871e+01 1.304219041362942733e+02
2.549257925072046191e+02 7.891549415155111546e+01 1.315917210544160127e+02
2.549280280556026526e+02 8.212229827089336709e+01 1.335819736395999371e+02
2.549355399220206948e+02 8.432780979827089141e+01 1.347440138159010132e+02
2.549460925580606840e+02 8.620907145278860639e+01 1.357588892185115981e+02
2.549552996270554388e+02 8.807845609425326927e+01 1.364561048482793808e+02
2.549551936768943960e+02 8.748008136972367765e+01 1.359460501779962840e+02
2.549553631971520531e+02 8.772567384302423932e+01 1.359698042041023882e+02
2.549497160535684088e+02 8.613323232751314151e+01 1.344355717070689877e+02
2.549473639599932255e+02 8.682293609086285358e+01 1.346745952703847991e+02
2.549475652652992039e+02 8.551081751144261034e+01 1.338419223597219911e+02
2.549367689438888078e+02 7.916368240379725307e+01 1.307722813188676128e+02
2.548719168503136245e+02 6.592675665367011106e+01 1.238621376504492275e+02
2.548488832853026054e+02 5.684586370571282998e+01 1.188487667401254413e+02
2.548226500254280324e+02 5.609236735039836930e+01 1.184479996609594821e+02
2.548337112222410497e+02 5.855204271910493219e+01 1.201935073741312152e+02
2.548660789964400806e+02 6.678985845058484472e+01 1.254678547211391759e+02
2.549170410239023568e+02 7.509454992371588844e+01 1.301923525173758378e+02
2.549279327004577169e+02 7.789862688591286144e+01 1.325178631971520531e+02
2.549377436853704069e+02 7.955955458552297443e+01 1.339174966095948491e+02
2.549300622986947076e+02 7.756173715884048647e+01 1.326523033565011076e+02
2.549283565011018879e+02 7.543616502797084422e+01 1.314912591117138447e+02
2.549307191896931784e+02 7.348669265977284226e+01 1.305511103576877474e+02
2.549293842176640226e+02 7.477531149347346684e+01 1.316923313273436236e+02
2.549369066790981435e+02 7.937449143922698624e+01 1.337413544668587804e+02
2.549370867943719361e+02 8.163246948635361377e+01 1.352820499237158742e+02
2.549446516358704855e+02 8.434445456857093859e+01 1.361311027292761366e+02
2.549419710967960668e+02 8.624152398711646583e+01 1.373892608916765425e+02
2.549463680284794123e+02 8.731582683505678233e+01 1.378655280556026526e+02
2.549498855738260659e+02 8.635928759111713759e+01 1.366258264112561562e+02
2.549483175114426103e+02 8.701418672656382114e+01 1.354422571622308737e+02
2.549520363620952708e+02 8.618260510255976214e+01 1.340281085777250496e+02
2.549538587048652403e+02 8.706578445499236807e+01 1.331067024071876688e+02
2.549547169011696894e+02 8.817838828615019509e+01 1.330064205797592933e+02
2.549550983217494604e+02 8.831414222749619114e+01 1.324283988811662880e+02
2.549572491100186369e+02 8.824099423631123784e+01 1.313444439735548315e+02
2.549327640278013121e+02 7.470999321918969827e+01 1.229118600610272978e+02
2.548805094083743086e+02 6.179036701135785847e+01 1.150591201898626821e+02
2.548495931513815833e+02 5.568817808103068501e+01 1.109055772164773686e+02
2.548352580945922909e+02 5.621535429733852851e+01 1.104181746906255341e+02
2.548520406001017022e+02 6.124869681301915847e+01 1.142393943888794752e+02
2.548915494151551115e+02 6.870636972368197348e+01 1.187116460417019823e+02
2.549301682488557503e+02 7.389346711307001669e+01 1.230026911340905258e+02
2.549319482115612914e+02 7.789627479233767815e+01 1.255119299881335877e+02
2.549360061027292659e+02 7.688177021529072874e+01 1.258475695033056496e+02
2.549226140023732796e+02 7.521530132225801424e+01 1.248449419393117523e+02
2.549214167655534879e+02 7.451170749279539507e+01 1.248214315985760265e+02
2.549209823698932098e+02 7.526539455839973414e+01 1.252059883031022167e+02
2.549306556195965356e+02 7.716668079335480002e+01 1.272016549415155140e+02
2.549353174266825022e+02 7.950301957958976118e+01 1.282838616714697366e+02
2.549383052212239420e+02 8.123978640447533905e+01 1.292666235802678329e+02
2.549479890659433750e+02 8.356177953890490073e+01 1.302335247499576099e+02
2.549468553992201976e+02 8.504958467536870614e+01 1.314998092897101287e+02
2.549404877945414398e+02 8.588447194439736165e+01 1.317112752161383185e+02
2.549349360061027312e+02 8.467397016443464963e+01 1.306626758772673327e+02
2.549362497880996727e+02 8.467403373453127813e+01 1.307011781657908216e+02
2.549402758942193543e+02 8.442210544160026586e+01 1.303585989150703597e+02
2.549405619596541896e+02 8.327338320054246878e+01 1.294671766401085051e+02
2.549386124766909631e+02 8.437732030852686194e+01 1.294786298525173720e+02
2.549399686387523332e+02 8.680968172571621722e+01 1.308683569249025140e+02
2.549517185116121425e+02 8.769205585692490956e+01 1.319892036785896039e+02
2.549187256314629622e+02 7.517338743854890026e+01 1.258317087641973160e+02
2.548535450923885435e+02 6.194581708764197003e+01 1.186130276318019980e+02
2.548416362942871558e+02 5.493332556365485431e+01 1.150717494490591690e+02
2.548123304797423430e+02 5.490413629428717002e+01 1.151568380233937887e+02
2.548451114595694094e+02 5.992846245126292359e+01 1.185761040006780860e+02
2.548692151212069916e+02 6.734481479911849533e+01 1.240401127309713445e+02
2.548879788947279224e+02 7.166393668418376706e+01 1.269402229191388329e+02
2.549165324631293572e+02 7.553859764366842455e+01 1.294041468893032629e+02
2.549129513476860609e+02 7.514792761484997641e+01 1.292434946601118781e+02
2.549106628242074919e+02 7.380070774707577641e+01 1.283717049499915106e+02
2.549130572978471037e+02 7.340457068994744816e+01 1.282479021868113307e+02
2.549110018647228344e+02 7.374840015256823733e+01 1.281505445838277808e+02
2.549089358365824580e+02 7.491661722325818573e+01 1.286430856924902457e+02
2.549131950330564393e+02 7.711030471266316511e+01 1.301728788777759007e+02
2.549299987285980649e+02 8.126733344634683931e+01 1.323515850144092099e+02
2.549334632988642113e+02 8.228974190540769484e+01 1.324770829801661307e+02
2.549367795389048865e+02 8.180575097474148549e+01 1.324028966774029357e+02
2.549474381251059469e+02 8.257042507204610615e+01 1.325955140701813946e+02
2.549476818104763538e+02 8.366749660959484913e+01 1.327280259365994368e+02
2.549414625360230673e+02 8.396241947787760296e+01 1.330637925919647273e+02
2.549448529411764639e+02 8.279294160027123439e+01 1.318839527886082408e+02
2.549484658416680816e+02 8.364755678928632676e+01 1.323901508730293131e+02
2.549423631123919449e+02 8.513079547380911549e+01 1.338483747245295774e+02
2.549422253771825808e+02 8.500808399728767029e+01 1.335400385658586231e+02
2.549335268689608540e+02 8.332401678250550958e+01 1.321979360908628678e+02
2.549106628242074919e+02 7.171893541278183193e+01 1.263635361925750118e+02
2.548759005763688776e+02 6.144884726224783833e+01 1.210692808103068359e+02
2.548521253602305592e+02 5.947101203593829410e+01 1.195014727072385199e+02
2.548429924563485258e+02 6.023959569418545357e+01 1.201247669096457003e+02
2.548572003729445612e+02 6.516241100186472579e+01 1.235796851161213823e+02
2.548785917104594034e+02 7.022227284285472138e+01 1.270585268689608398e+02
2.549111290049160914e+02 7.503574758433633463e+01 1.299509026953720934e+02
2.549137141888455744e+02 7.591747541956263490e+01 1.305428250550940845e+02
2.549215545007628521e+02 7.707651720630614989e+01 1.311536383285302634e+02
2.549216392608916806e+02 7.438392100355991943e+01 1.295536955416172304e+02
2.549063400576368963e+02 7.333350991693507126e+01 1.286706963044583745e+02
2.549057043566706113e+02 7.364414519410070170e+01 1.290950478894727951e+02
2.549149326156975803e+02 7.545093448042041473e+01 1.299136400237328246e+02
2.549217240210205091e+02 7.790249406679097888e+01 1.310556556195965356e+02
2.549181640956094270e+02 8.201957958976097984e+01 1.340024368537040118e+02
2.549220100864553444e+02 8.341940371249364716e+01 1.347365231395151852e+02
2.549329123580267833e+02 8.258488726902865551e+01 1.343619787252076492e+02
2.549398097135107548e+02 8.337764875402611153e+01 1.344477135955246752e+02
2.549440583149686290e+02 8.389416638413290173e+01 1.345647037633497121e+02
2.549397673334463548e+02 8.227162442786912777e+01 1.331723491269706869e+02
2.549408268350567823e+02 8.257066875741651302e+01 1.336463277674181995e+02
2.549435073741312010e+02 8.358570308526869042e+01 1.336647313103916019e+02
2.549368325139854221e+02 8.315287548737073564e+01 1.334120295812849690e+02
2.549329865231395047e+02 8.167535811154432679e+01 1.320659221902017180e+02
2.549214273605695951e+02 7.165969867774198576e+01 1.260454420240718747e+02
2.548909772842854693e+02 6.402145490761145652e+01 1.205525618748940531e+02
2.548768859128665838e+02 6.018792380064417813e+01 1.173858492964909317e+02
2.548720228004746673e+02 6.141230505170367593e+01 1.171328932869977990e+02
2.548741100186472295e+02 6.632754492286828452e+01 1.196126674012544555e+02
2.549120719613493691e+02 7.149415155111036313e+01 1.223458213256484157e+02
2.549187362264790693e+02 7.632950500084760392e+01 1.242593448042041047e+02
2.549274771147652245e+02 7.739225928123410370e+01 1.241479911849466049e+02
2.549266083234446398e+02 7.642807043566706682e+01 1.232038163248008118e+02
2.549240973046279066e+02 7.496183675199186780e+01 1.213511824037972531e+02
2.549218723512459803e+02 7.429494405831496806e+01 1.208193761654517715e+02
2.549241396846923067e+02 7.517185116121376609e+01 1.218688125105950206e+02
2.549310370401763066e+02 7.700350695033056070e+01 1.239179098152229130e+02
2.549311323953212423e+02 7.922023859976266635e+01 1.250415854382098644e+02
2.549332831835904472e+02 8.117659772842854693e+01 1.268433738769282968e+02
2.549316833361586703e+02 8.261829335480589975e+01 1.276129852517375838e+02
2.549351479064248167e+02 8.362221351076453857e+01 1.282399665197491174e+02
2.549344910154263459e+02 8.442647058823528994e+01 1.288833276826580914e+02
2.549305284794032787e+02 8.295745041532462949e+01 1.281947152059670998e+02
2.549301470588235361e+02 8.312950288184437397e+01 1.281217367350398320e+02
2.549315561959654133e+02 8.353676470588234793e+01 1.284225186472283440e+02
2.549359637226648658e+02 8.274879216816410121e+01 1.281168206475673799e+02
2.549341625699271106e+02 8.371250423800644569e+01 1.285481437531784934e+02
2.549362074080352727e+02 8.509201771486692678e+01 1.293483641295134703e+02
2.549375211900322142e+02 8.388564799118495330e+01 1.286827004577046978e+02
2.549127288523478683e+02 7.006666384132904568e+01 1.209386654517714845e+02
2.548623283607390988e+02 6.140307679267672825e+01 1.168076792676724835e+02
2.548425050856077405e+02 5.881503220884895455e+01 1.156167041023902300e+02
2.548574652483471823e+02 5.932195075436514742e+01 1.157264260891676599e+02
2.548717155450076177e+02 6.326258687913205847e+01 1.186854233768435307e+02
2.548750211900322142e+02 6.745134768604847864e+01 1.217021105272080064e+02
2.549036913036107705e+02 7.204587641973215284e+01 1.249888010679776187e+02
2.549092960671300148e+02 7.496799245634854003e+01 1.267165515341583273e+02
2.549183018308187911e+02 7.473133158162400491e+01 1.264141273944736383e+02
2.549241078996440137e+02 7.387526487540260689e+01 1.269756526529920393e+02
2.549202195287336963e+02 7.314356246821495233e+01 1.269521105272080064e+02
2.549250826411256128e+02 7.383141210374640195e+01 1.274741587557213052e+02
2.549257607221562978e+02 7.575390956094253170e+01 1.282807255467028256e+02
2.549332408035260187e+02 7.788820139006611498e+01 1.295871757925071961e+02
2.549399898287845474e+02 8.223465841668078724e+01 1.322595355144939901e+02
2.549454462620783204e+02 8.359897864044752680e+01 1.335843045431429061e+02
2.549464104085438123e+02 8.263304161722325603e+01 1.329036489235463705e+02
2.549472897948804757e+02 8.248008136972367765e+01 1.327165939142227558e+02
2.549447152059670998e+02 8.222853449737243636e+01 1.324595694185455272e+02
2.549421829971181523e+02 8.242880149177827320e+01 1.326441134090523803e+02
2.549415155111035745e+02 8.086848406509578524e+01 1.311289625360230673e+02
2.549308675199186212e+02 8.154009154093914447e+01 1.318391676555348226e+02
2.549378496355314496e+02 8.279818613324292187e+01 1.325592473300559391e+02
2.549368854890659293e+02 8.430418291235802997e+01 1.332014960162739499e+02
2.549318104763519273e+02 8.329911849466010665e+01 1.318757840311917278e+02
2.549300411086624933e+02 7.775305136463806832e+01 1.302921681640956137e+02
2.549004916087472452e+02 6.725483132734362357e+01 1.246940371249364290e+02
2.548714082895405966e+02 6.208619045600948994e+01 1.217685306831666452e+02
2.548449207492795381e+02 5.918048609933887150e+01 1.198503242074927897e+02
2.548561514663502408e+02 6.037842219020173218e+01 1.208396232412273292e+02
2.548798948974402379e+02 6.687722495338192630e+01 1.247825902695372093e+02
2.549045071198508197e+02 7.114877521613833267e+01 1.275760404305814575e+02
2.549235781488388000e+02 7.525218257331751204e+01 1.301109086285811145e+02
2.549252839464315912e+02 7.542942659772842262e+01 1.301509260044075234e+02
2.549189375317850477e+02 7.465398796406169879e+01 1.297881526529920393e+02
2.549161828275979076e+02 7.393410959484658918e+01 1.292006802000339007e+02
2.549194143075097543e+02 7.424907823359890813e+01 1.297706390913714074e+02
2.549238854043058211e+02 7.500679140532294298e+01 1.295851203593829553e+02
2.549310900152568138e+02 7.632257586031531105e+01 1.306504916087472452e+02
2.549349995761993455e+02 7.840699694863536706e+01 1.318447936090862811e+02
2.549411023054755105e+02 7.958936896084081525e+01 1.324308463298864353e+02
2.549422571622308737e+02 8.028754873707407569e+01 1.327568973554839715e+02
2.549450754365146565e+02 8.075133497202915578e+01 1.331354678759111607e+02
2.549403182742837828e+02 8.103467748770978574e+01 1.325347622478386143e+02
2.549364299033734653e+02 7.972705119511782357e+01 1.318726902864892452e+02
2.549409539752500393e+02 7.979290981522291304e+01 1.321333594677063843e+02
2.549341731649432177e+02 8.021669986438379851e+01 1.320942320732327460e+02
2.549357730123749661e+02 8.108107306323105945e+01 1.325718765892524118e+02
2.549382840311917278e+02 8.147112858111543687e+01 1.329321283268350555e+02
2.549354657569079450e+02 8.107068994744871304e+01 1.328535344973724364e+02
2.549421512120698310e+02 8.240015256823190271e+01 1.332105547550432334e+02
2.549376907102898713e+02 8.006723597219867372e+01 1.318559077809798339e+02
2.549214591456178880e+02 6.991131971520596267e+01 1.263628475165282197e+02
2.548803610781488374e+02 6.180201093405661794e+01 1.219669541447702983e+02
2.548637798779454045e+02 6.073392736056958796e+01 1.214123156467197759e+02
2.548641189184607470e+02 6.187399347347007961e+01 1.220240400915409396e+02
2.548748728598067430e+02 6.658847897948804473e+01 1.250237752161383327e+02
2.549111395999321985e+02 7.112099508391253266e+01 1.281085777250381454e+02
2.549319270215290771e+02 7.563073190371248700e+01 1.310336709611798653e+02
2.549397885234785690e+02 7.632614638074250024e+01 1.311478746397694408e+02
2.549372351245973789e+02 7.593151381590099902e+01 1.311397376674012492e+02
2.549333573487031686e+02 7.504758221732497248e+01 1.307274326156975803e+02
2.549285048313273307e+02 7.460300474656720837e+01 1.305289455839972845e+02
2.549254852517375696e+02 7.464328699779623832e+01 1.304772948804882162e+02
2.549297656382437651e+02 7.663114510934056511e+01 1.315312023224275322e+02
2.549310052551279853e+02 7.947265426343447814e+01 1.332308018308187911e+02
2.549314926258687990e+02 8.171963468384471696e+01 1.344019749110018722e+02
2.549467494490591548e+02 8.401502373283607028e+01 1.354816282420749189e+02
2.549603216646889337e+02 8.547132988642142948e+01 1.363792909815223027e+02
2.549579483810815361e+02 8.474619638921851106e+01 1.356002818274283754e+02
2.549623770978131745e+02 8.510681895236480443e+01 1.359254958467536767e+02
2.549606289201559548e+02 8.360901212069842359e+01 1.349466540939142192e+02
2.549518880318697995e+02 8.340190074588913660e+01 1.345863811662993612e+02
2.549491015426343381e+02 8.163684522800474497e+01 1.333010891676555332e+02
2.549492710628920236e+02 8.299064460077978822e+01 1.338649241396846890e+02
2.549501080691642585e+02 8.443968257331751204e+01 1.342388116629937258e+02
2.549498008136972373e+02 8.519198169181217395e+01 1.346513074249872943e+02
2.549494617731818948e+02 7.916389430411933859e+01 1.318730187319884806e+02
2.548951729106628363e+02 6.723688337006272775e+01 1.252670473809120182e+02
2.548634620274622762e+02 5.897747499576199459e+01 1.211431280725546742e+02
2.548415303441261131e+02 5.801192998813358059e+01 1.201331899474487130e+02
2.548457789455839873e+02 5.947908543820986438e+01 1.211987836921512098e+02
2.548723512459739027e+02 6.646370147482623736e+01 1.254680242413968472e+02
2.548988599762671754e+02 7.146276911340905258e+01 1.284544202407187754e+02
2.549227729276148580e+02 7.665973046279030712e+01 1.315380467028309965e+02
2.549201241735887322e+02 7.660908628581115920e+01 1.315507077470757622e+02
2.549234933887099430e+02 7.511018816748601523e+01 1.308600080522122369e+02
2.549238748092897140e+02 7.388980123749787765e+01 1.304043058145448413e+02
2.549130467028309965e+02 7.347694524495676660e+01 1.305432806407865769e+02
2.549160239023563292e+02 7.442803865061874546e+01 1.306597092727581071e+02
2.549263116629937258e+02 7.634991100186472579e+01 1.318968363281912275e+02
2.549293630276318083e+02 7.825209781318866931e+01 1.325052763180200088e+02
2.549384747414815990e+02 8.014394388879470910e+01 1.339402335141549543e+02
2.549399792337684403e+02 8.167050559416850319e+01 1.347093469232073346e+02
2.549411870656043391e+02 8.238664392269876657e+01 1.350263604000678015e+02
2.549397779284624619e+02 8.290372308865909190e+01 1.350818676894388943e+02
2.549460183929479626e+02 8.179134175283945751e+01 1.340746101034073661e+02
2.549409539752500393e+02 8.181906890998473614e+01 1.341698804882183538e+02
2.549415790812002172e+02 8.197518647228343980e+01 1.337150046618070860e+02
2.549418545516189170e+02 8.026321198508222210e+01 1.333918672656382398e+02
2.549282823359891381e+02 7.489507755551788648e+01 1.303701898626885907e+02
2.548979064248177622e+02 6.575849720291574840e+01 1.252475207662315597e+02
2.548759323614171990e+02 6.082907060518731868e+01 1.224576517206306221e+02
2.548699143922698624e+02 6.007007543651466364e+01 1.218821728259026997e+02
2.548659836412951449e+02 6.199611162908967543e+01 1.229636379047296089e+02
2.548903097982708914e+02 6.779648033565011644e+01 1.266585967960671297e+02
2.549056513815901042e+02 7.311961773181894841e+01 1.300539392269876373e+02
2.549234192235972216e+02 7.744601839294796264e+01 1.321924796575690664e+02
2.549266083234446398e+02 7.693044371927445013e+01 1.322897948804882162e+02
2.549222855568740442e+02 7.500664307509747175e+01 1.309989299033734653e+02
2.549228682827597936e+02 7.324604805899305404e+01 1.299464633836243479e+02
2.549354233768435449e+02 7.317937362264790124e+01 1.300007098660790064e+02
2.549195202576707970e+02 7.369395236480760047e+01 1.299759916935073818e+02
2.549278267502966742e+02 7.499965036446855038e+01 1.309695499237158742e+02
2.549350525512798811e+02 7.663414349889811206e+01 1.320912442786913061e+02
2.549441748601457789e+02 7.808575606034921179e+01 1.330780428886251912e+02
2.549475758603153110e+02 7.983799160874724521e+01 1.346273732836073975e+02
2.549488366672317454e+02 8.058089294795728108e+01 1.351877860654348069e+02
2.549386760467875774e+02 8.034136082386845601e+01 1.348274707577555489e+02
2.549394388879471194e+02 7.805985124597388847e+01 1.336682912358026840e+02
2.549376483302254712e+02 7.824338870995083539e+01 1.343756568909984708e+02
2.549358047974232875e+02 7.911782717409730026e+01 1.350031043397185897e+02
2.549468553992201976e+02 7.862611247669096315e+01 1.349011273097135017e+02
2.549326580776402693e+02 7.101774665197491743e+01 1.311493579420240678e+02
2.549135446685878890e+02 6.479930920494999214e+01 1.276075606034921179e+02
2.548880530598406438e+02 6.292245507713171548e+01 1.266237815731479941e+02
2.548826813866756993e+02 6.337018986268859067e+01 1.270902483471774929e+02
2.548775216138328403e+02 6.488227877606374250e+01 1.285326538396338378e+02
2.548897482624173563e+02 6.829191388370909976e+01 1.303478237836921494e+02
2.549103873537887637e+02 7.308406085777249928e+01 1.329758009832174821e+02
2.549319588065773985e+02 7.734666892693677198e+01 1.358454716901169661e+02
2.549398520935751833e+02 7.648049457535175577e+01 1.348626674012544413e+02
2.549425114426173877e+02 7.552747287675877885e+01 1.347128326835056669e+02
2.549463362434310909e+02 7.529846160366163588e+01 1.343890701813866713e+02
2.549400533988811617e+02 7.597797296151890123e+01 1.347162654687235204e+02
2.549491015426343381e+02 7.756206560433972186e+01 1.358645427191049464e+02
2.549506696050177936e+02 7.934319376165451843e+01 1.372805560264451685e+02
2.549541659603322614e+02 8.082901763010680440e+01 1.377690710289879519e+02
2.549580437362264718e+02 8.208927360569587961e+01 1.383262735209357572e+02
2.549603428547211479e+02 8.338131462959823637e+01 1.387504449906763853e+02
2.549606395151720619e+02 8.385803737921681034e+01 1.390059438040345867e+02
2.549476818104763538e+02 8.434564121037463735e+01 1.392195923037803027e+02
2.549512947109679715e+02 8.342332386845228598e+01 1.383650618748940531e+02
2.549533077640278123e+02 8.410902271571453070e+01 1.389684586370571253e+02
2.549517185116121425e+02 8.504803780301746485e+01 1.394135234785556747e+02
2.549543036955416255e+02 8.217456348533649191e+01 1.378181895236480727e+02
2.549394282929310123e+02 7.382404856755381672e+01 1.331842791151042604e+02
2.549382734361756206e+02 7.048119384641464080e+01 1.308107094422783518e+02
2.549247436006102703e+02 6.930818782844549730e+01 1.294428504831327302e+02
2.549224232920834083e+02 7.001116714697405996e+01 1.298888900661129071e+02
2.549378390405153425e+02 7.410838701474825996e+01 1.320605717070689877e+02
2.549410493303949750e+02 7.607021317172402064e+01 1.330394346499406595e+02
2.549509768604848148e+02 8.034866078996439853e+01 1.354337917443634467e+02
2.549532653839633838e+02 8.112826326496016804e+01 1.351716286658755735e+02
2.549506696050177936e+02 8.091718935412781377e+01 1.344710014409221799e+02
2.549413353958298103e+02 7.889867986099338282e+01 1.332894240549245524e+02
2.549480632310561248e+02 7.911999915239870518e+01 1.333301301067977533e+02
2.549446410408543784e+02 7.970722791998643686e+01 1.327100885743346339e+02
2.549481903712493533e+02 8.168923758264112678e+01 1.334877203763349769e+02
2.549605017799626978e+02 8.447073656551957299e+01 1.340934268520088040e+02
2.549591668079335420e+02 8.622610823868451746e+01 1.347963849805051666e+02
2.549657886929988138e+02 8.577878665875572040e+01 1.342147609764366791e+02
2.549661913036107705e+02 8.670575521274791697e+01 1.340203318359043863e+02
2.549658840481437494e+02 8.589019325309374153e+01 1.333128390405153425e+02
2.549608196304458261e+02 8.632391083234446683e+01 1.329710544160027155e+02
2.549496630784878732e+02 8.526562764875401967e+01 1.313317829293100658e+02
2.549671660450923980e+02 8.673424521105272333e+01 1.321019982200373022e+02
2.549597601288353985e+02 8.581179013392100785e+01 1.305843363281912275e+02
2.549569948296321513e+02 8.365981522291913564e+01 1.291804755043227715e+02
2.549519516019664422e+02 7.355675750127140589e+01 1.234403394643159828e+02
2.549218405661976590e+02 6.833452703848109877e+01 1.199471626546872329e+02
2.549186196813019194e+02 6.496783353110696169e+01 1.180492456348533636e+02
2.549211836751991882e+02 6.559496312934395235e+01 1.177014324461773214e+02
2.549284942363112521e+02 6.992631166299372580e+01 1.201217579250720462e+02
2.549392375826411126e+02 7.415203848109848650e+01 1.231892163926089125e+02
2.549485188167485887e+02 7.667994575351754349e+01 1.236648372605526305e+02
2.549475652652992039e+02 7.816227326665536168e+01 1.242927826750296703e+02
2.549607242753008904e+02 7.801404899135447124e+01 1.239648563315816290e+02
2.549506590100016865e+02 7.736437319884726094e+01 1.231695838277674113e+02
2.549420452619087882e+02 7.716489023563315186e+01 1.227606268011527391e+02
2.549464104085438123e+02 7.628862942871673170e+01 1.220299944905916192e+02
2.549368642990337435e+02 7.772470969655873319e+01 1.220189968638752305e+02
2.549546745211052610e+02 7.916313146295982506e+01 1.228814205797592791e+02
2.549683950669605110e+02 8.103892608916765994e+01 1.237038163248008118e+02
2.549658628581115352e+02 8.253926512968300244e+01 1.236355102559755892e+02
2.549701644346499450e+02 8.359444397355484568e+01 1.239941515511103631e+02
2.549669859298186054e+02 8.293541278182742360e+01 1.228381611290049165e+02
2.549637862349550801e+02 8.306269071028988549e+01 1.222355166129852506e+02
2.549551830818782889e+02 8.361088743854890026e+01 1.219195414477029971e+02
2.549555539074419528e+02 8.283661425665367517e+01 1.212751101881674884e+02
2.549542295304288757e+02 8.324927953890490073e+01 1.207166998643837985e+02
2.549488896423122526e+02 8.265107433463299458e+01 1.198937425834887307e+02
2.549542083403966899e+02 8.397979530428885653e+01 1.198104657569079450e+02
2.549360696728259086e+02 7.874702280047465308e+01 1.161346202746228187e+02
2.549176343448042132e+02 6.664453720969656558e+01 1.094435603492117366e+02
2.548951517206306221e+02 6.317182997118155896e+01 1.072947427530089897e+02
2.548765362773351342e+02 6.038789413459908673e+01 1.060672253771825666e+02
2.548969740634005632e+02 6.360394770300050737e+01 1.082424245634853435e+02
2.549214485506018093e+02 6.797457196134938329e+01 1.109670706899474482e+02
2.549325097474148265e+02 7.186643922698762310e+01 1.136796702830988295e+02
2.549452237667401278e+02 7.383482369893202701e+01 1.148051364638074290e+02
2.549544202407187754e+02 7.627598957450415185e+01 1.168790790812002029e+02
2.549498220037294516e+02 7.535569588065773416e+01 1.162656488387862339e+02
2.549489320223766811e+02 7.468148203085269188e+01 1.162652250381420629e+02
2.549433802339379440e+02 7.440370189862689188e+01 1.160844952534327916e+02
2.549382416511272993e+02 7.509036489235464273e+01 1.165889239701644300e+02
2.549448635361925710e+02 7.704214697406339951e+01 1.184070817087641956e+02
2.549516549415154998e+02 7.817650237328361129e+01 1.190863387862349612e+02
2.549562955585692521e+02 7.897570562807256067e+01 1.199723787930157641e+02
2.549586264621122211e+02 7.990437997965756267e+01 1.206239193083573440e+02
2.549525237328360845e+02 8.075903754873706930e+01 1.206915896762163101e+02
2.549497054585523017e+02 8.189182488557382555e+01 1.213507586031530820e+02
2.549560624682149523e+02 8.210494363451432775e+01 1.218926618918460747e+02
2.549497266485845159e+02 8.017941600271232971e+01 1.211869702491947720e+02
2.549495889133751518e+02 8.067251864722834398e+01 1.213596266316324801e+02
2.549598025088998270e+02 8.090337345312764228e+01 1.209949355823020909e+02
2.549565816240040590e+02 8.130808187828445455e+01 1.218242604678759164e+02
2.549639345651805513e+02 8.308332980166129289e+01 1.231318655704356644e+02
2.549536362095270476e+02 8.230517884387184324e+01 1.224303059840651002e+02
2.549478513307340108e+02 7.230208509916934645e+01 1.169898499745719676e+02
2.549267354636378968e+02 6.700939777928462604e+01 1.148730505170367877e+02
2.549029072724190428e+02 6.547843914222750072e+01 1.138866015426343381e+02
2.548991248516697681e+02 6.587195923037802459e+01 1.141321198508221784e+02
2.549193189523648186e+02 6.928902144431259558e+01 1.169735866248516629e+02
2.549194566875741543e+02 7.091846075606035527e+01 1.177912569927106290e+02
2.549396825733174978e+02 7.564235463637905355e+01 1.216961031530767912e+02
2.549534454992371479e+02 7.901565943380234103e+01 1.244268731988472609e+02
2.549462196982539410e+02 7.692159688082725211e+01 1.224886739277843759e+02
2.549475970503475253e+02 7.555580394982200687e+01 1.219677805560264403e+02
2.549471414646550329e+02 7.578409476182403637e+01 1.221329674521105204e+02
2.549481585862010604e+02 7.663112391930835088e+01 1.222562828445499292e+02
2.549483069164265032e+02 7.871078784539751894e+01 1.237790515341583273e+02
2.549576199355823007e+02 8.008263053059840786e+01 1.248629004916087410e+02
2.549544096457026683e+02 8.079824970333955036e+01 1.251721372266485872e+02
2.549501292591964727e+02 8.164620062722495675e+01 1.257471181556196029e+02
2.549530640786574054e+02 8.150711985082217836e+01 1.257787972537718275e+02
2.549517397016443567e+02 8.188571156128156758e+01 1.259994066790981577e+02
2.549553420071198389e+02 8.290005721308696707e+01 1.267114235463637897e+02
2.549540600101712187e+02 8.141991227326666092e+01 1.262111268859128614e+02
2.549509874555009219e+02 8.190203848109848650e+01 1.264171575690795066e+02
2.549652695372097071e+02 8.304393753178504767e+01 1.272920516189184639e+02
2.549640511103577012e+02 8.323713765044922752e+01 1.278037697067299518e+02
2.549503729445668796e+02 7.936234955077131303e+01 1.258409688082725921e+02
2.549435285641634152e+02 7.247486862180031153e+01 1.221507141040854378e+02
2.549239595694185425e+02 6.618575182234276610e+01 1.192182255467028256e+02
2.549026106119681288e+02 6.577378581115443978e+01 1.189186196813019194e+02
2.549052169859298260e+02 6.710721096796066831e+01 1.200912654687235062e+02
2.549198910832344325e+02 7.155405577216477297e+01 1.230863705712832683e+02
2.549372351245973789e+02 7.458209018477708696e+01 1.252816049330395032e+02
2.549484234616036531e+02 7.576298948974402947e+01 1.259303801491778216e+02
2.549555433124258457e+02 7.894308357348702998e+01 1.280464697406339951e+02
2.549507013900661150e+02 7.902274749957619804e+01 1.282367774199016708e+02
2.549524071876589346e+02 7.898734955077131303e+01 1.283640129682997042e+02
2.549485611968130172e+02 7.850012714019325699e+01 1.281855187319884806e+02
2.549540282251228973e+02 7.920142185116121425e+01 1.284054924563485258e+02
2.549532547889472767e+02 8.077357391083234006e+01 1.294108429394812561e+02
2.549580119511781788e+02 8.281751144261738773e+01 1.303822681810476354e+02
2.549554691473130958e+02 8.417896041701983734e+01 1.312382183420918693e+02
2.549598448889642270e+02 8.555237116460416757e+01 1.320059967791150939e+02
2.549590078826919921e+02 8.468943888794710517e+01 1.311219486353619175e+02
2.549666256992710487e+02 8.465570435667062554e+01 1.308374512629259243e+02
2.549612858111544256e+02 8.505915197491100344e+01 1.309731628242074919e+02
2.549611374809289828e+02 8.392359933887099999e+01 1.300600949313443095e+02
2.549604488048821906e+02 8.422007967452110222e+01 1.300440222919138762e+02
2.549539010849296403e+02 8.490358535344974200e+01 1.301325224614341494e+02
2.549580119511781788e+02 8.230378030174605897e+01 1.284258242922529121e+02
2.549473321749449042e+02 7.380785938294626192e+01 1.238705606882522403e+02
2.549092960671300148e+02 6.727254619427021964e+01 1.209632670791659592e+02
2.548968787082556275e+02 6.561322893710799065e+01 1.202906106967282653e+02
2.548929055772164816e+02 6.316983810815392530e+01 1.190275152568231931e+02
2.548945795897609798e+02 6.650201305305984079e+01 1.205629238006441710e+02
2.549072830140701740e+02 7.084119130361078476e+01 1.235910217833531135e+02
2.549267990337345395e+02 7.512461857942024324e+01 1.270861480759450757e+02
2.549393223427699695e+02 7.690703932869978132e+01 1.282826432446177307e+02
2.549493982030852806e+02 7.699000889981353168e+01 1.283852983556535037e+02
2.549497478386167018e+02 7.571460205119511500e+01 1.275471160366163730e+02
2.549445244956772285e+02 7.569730038989659704e+01 1.275387353788777745e+02
2.549479678759111607e+02 7.682714231225631352e+01 1.279314290557721705e+02
2.549433272588574368e+02 7.883522630954398380e+01 1.288339443125953494e+02
2.549488154771995312e+02 8.112552975080522799e+01 1.303403437023224285e+02
2.549572597050347440e+02 8.347680750974741670e+01 1.311845122054585602e+02
2.549537527547041975e+02 8.472434946601119066e+01 1.322166468893032629e+02
2.549530111035768698e+02 8.611644982200373022e+01 1.330786997796236619e+02
2.549623559077809887e+02 8.501774665197491743e+01 1.316743515850144206e+02
2.549604488048821906e+02 8.500256399389726880e+01 1.313627945414476983e+02
2.549597283437870772e+02 8.312434310900152923e+01 1.300177890320393317e+02
2.549615189015087253e+02 8.329751864722834398e+01 1.300323677741990309e+02
2.549603640447533621e+02 8.427147609764367076e+01 1.304137883539582958e+02
2.549648563315816148e+02 8.332437701305306632e+01 1.299865655195795853e+02
2.549582662315646644e+02 8.104518774368537493e+01 1.286573677741990309e+02
2.549417274114256600e+02 7.189409221902016611e+01 1.239251462112222413e+02
2.549094232073232718e+02 6.633454822851331301e+01 1.209032463129343995e+02
2.548893138667570781e+02 6.309175283946431279e+01 1.194898605695880605e+02
2.548956602814036216e+02 6.402929521952873415e+01 1.204556492625868742e+02
2.549042634344804128e+02 6.806892057975927912e+01 1.231146380742498678e+02
2.549174118494660206e+02 7.187395109340566535e+01 1.248979593998982836e+02
2.549369808442108933e+02 7.610410662824207861e+01 1.277278987964061656e+02
2.549386760467875774e+02 7.739976055263603882e+01 1.279681301915578899e+02
2.549325097474148265e+02 7.669731098491270416e+01 1.272998601457874202e+02
2.549467494490591548e+02 7.648831369723681917e+01 1.272115506865570467e+02
2.549482009662654605e+02 7.640779157484318773e+01 1.269212790303441238e+02
2.549506272249533936e+02 7.676775724699101033e+01 1.271168206475673799e+02
2.549501928292930870e+02 7.863587048652314593e+01 1.280168036955416255e+02
2.549516761315477140e+02 8.079839803356500738e+01 1.295094507543651332e+02
2.549594846584166703e+02 8.296293863366672383e+01 1.307058293778606526e+02
2.549528945583997199e+02 8.467449991523987762e+01 1.311032166468893081e+02
2.549537527547041975e+02 8.601021359552466095e+01 1.309900830649262673e+02
2.549603746397694408e+02 8.752595778945584470e+01 1.317153754873707499e+02
2.549601627394473553e+02 8.709358577725038231e+01 1.314375741651127214e+02
2.549588807424987351e+02 8.753895787421596708e+01 1.313844189693168403e+02
2.549561260383115666e+02 8.652919986438379851e+01 1.304900512798779459e+02
2.549557446177318241e+02 8.707391083234446683e+01 1.304832068994744816e+02
2.549539222749618546e+02 8.616890574673674053e+01 1.300041744363451528e+02
2.549393435328021837e+02 8.053780301746058967e+01 1.262078848109849076e+02
2.549059056619766181e+02 6.972142524156636512e+01 1.199083954907611513e+02
2.548882755551788364e+02 6.346893541278182482e+01 1.173493706560433907e+02
2.548724466011188383e+02 6.319680242413968330e+01 1.170751610442447941e+02
2.548847580098321828e+02 6.513958933717579214e+01 1.186829123580267833e+02
2.549112561451093484e+02 7.069746991015426829e+01 1.219714888116629936e+02
2.549289392269876373e+02 7.555721308696389826e+01 1.254481691812171533e+02
2.549485611968130172e+02 8.017700033904051793e+01 1.283743854890659293e+02
2.549565286489235518e+02 8.118796618070859950e+01 1.286865676385828010e+02
2.549489108323444668e+02 8.038933505678929237e+01 1.283257437701305435e+02
2.549458276826580914e+02 7.907921893541278280e+01 1.283640553483641327e+02
2.549390150873029199e+02 7.848462663163248010e+01 1.279067108832005459e+02
2.549457535175453415e+02 7.724723470079673859e+01 1.273044901678250511e+02
2.549476500254280324e+02 7.923948974402441081e+01 1.283095439905068531e+02
2.549516125614510997e+02 8.427144431259534940e+01 1.308340184777080992e+02
2.549603852347855479e+02 8.656005255127988107e+01 1.321559480420410182e+02
2.549602792846245052e+02 8.728972071537548061e+01 1.322524792337684403e+02
2.549582768265807715e+02 8.961241312086794153e+01 1.330946982539413455e+02
2.549694757586031528e+02 9.159350101712153958e+01 1.337514727072385199e+02
2.549778352263095371e+02 9.145869003220884963e+01 1.335759874555009219e+02
2.549761612137650388e+02 9.225203424309205502e+01 1.337291807933548000e+02
2.549721351076453573e+02 9.218149262586878478e+01 1.330454844041362890e+02
2.549698571791829238e+02 9.222107560603491550e+01 1.327771444312595293e+02
2.549663608238684560e+02 9.342908755721308012e+01 1.327720164434649917e+02
2.549581814714358359e+02 8.377561874894050220e+01 1.273008136972368192e+02
2.549108747245295774e+02 6.666077936938464177e+01 1.181523669265977219e+02
2.548823529411764639e+02 6.180230759450754618e+01 1.150084654178674413e+02
2.548734213426004374e+02 6.052788608238684276e+01 1.143548058993049636e+02
2.548773414985590762e+02 6.390196431598575799e+01 1.162349550771317155e+02
2.549160133073402221e+02 7.286060137311409335e+01 1.215961285811154369e+02
2.549341307848787892e+02 8.097683929479572384e+01 1.257459421088320113e+02
2.549455416172232560e+02 8.470539498220037444e+01 1.277858323444651631e+02
2.549587853873537995e+02 8.577128538735378527e+01 1.292365125444990781e+02
2.549559671130700167e+02 8.471543905746736414e+01 1.286306259535514585e+02
2.549432742837769013e+02 8.214624300728937101e+01 1.271672847092727636e+02
2.549359637226648658e+02 7.983654009154093956e+01 1.258562574165112693e+02
2.549390786573995626e+02 8.113217282590269974e+01 1.271217473300559391e+02
2.549443549754195715e+02 8.415108492964908748e+01 1.288092367350398320e+02
2.549491121376504452e+02 8.735252797084251597e+01 1.307147397864044649e+02
2.549617413968469180e+02 9.031923843024240739e+01 1.322896041701983449e+02
2.549617625868791322e+02 9.259226140023733365e+01 1.332738493812510683e+02
2.549635743346329946e+02 9.297889472791999310e+01 1.328050622986947076e+02
2.549648775216138290e+02 9.414706941854551303e+01 1.329758857433463390e+02
2.549618579420240678e+02 9.388945160196642803e+01 1.323300347516528177e+02
2.549593998982878418e+02 9.339865867096118279e+01 1.316900957789455902e+02
2.549514748262417356e+02 9.426452576707916364e+01 1.318111544329547371e+02
2.549512417358874359e+02 9.189113620952703343e+01 1.302274432107136874e+02
2.549156318867604796e+02 7.800196007797931941e+01 1.222370740803525990e+02
2.548586624851669740e+02 6.306756441769791621e+01 1.138529835565350083e+02
2.548166002712324030e+02 5.566263349720291842e+01 1.100703826919816919e+02
2.548105823020850949e+02 5.627575648414985920e+01 1.100625847601288285e+02
2.548281488387862339e+02 6.226043609086286068e+01 1.138626250211900270e+02
2.548889430411934143e+02 7.112189566028141030e+01 1.188582916596033243e+02
2.549158755721308580e+02 7.928961476521443785e+01 1.230520003390405179e+02
2.549272864044753248e+02 8.300567892863196562e+01 1.254961540091540968e+02
2.549422465672147950e+02 8.522065180539074447e+01 1.261827958128496334e+02
2.549428081030683302e+02 8.313494872012205406e+01 1.245749809289710157e+02
2.549376801152737642e+02 7.867740294965248893e+01 1.216726034073571725e+02
2.549368642990337435e+02 7.834459230378030270e+01 1.208333933717579214e+02
2.549381145109340707e+02 8.025926004407526193e+01 1.219055242413968472e+02
2.549350525512798811e+02 8.329137353788777887e+01 1.226156128157314811e+02
2.549564968638752305e+02 8.671568274283777100e+01 1.247332704695711101e+02
2.549582026614680501e+02 9.037441727411425063e+01 1.265107751313781961e+02
2.549668270045770555e+02 9.322725250042380196e+01 1.281834527038481042e+02
2.549752712324122683e+02 9.492878030174605897e+01 1.293468384471944432e+02
2.549724317680962997e+02 9.494178038650618134e+01 1.291899792337684403e+02
2.549680242413968472e+02 9.475214019325309778e+01 1.282213404814375224e+02
2.549681619766062113e+02 9.572974232920833515e+01 1.291188019155788993e+02
2.549703339549076020e+02 9.442127903034412384e+01 1.282575860315307636e+02
2.549588489574504138e+02 8.892189354127818035e+01 1.241709823698931956e+02
2.549130784878792895e+02 7.149762671639260248e+01 1.156879343956602781e+02
2.548267502966604638e+02 5.783696389218511769e+01 1.086066494321071332e+02
2.547955903542973317e+02 5.266447703000508795e+01 1.056107179182912290e+02
2.547993621800305277e+02 5.336441557891168230e+01 1.064320541617223199e+02
2.548171194270215381e+02 6.074293312425835012e+01 1.104938760806916491e+02
2.548764515172063057e+02 6.893210713680284130e+01 1.170597452958128457e+02
2.549119766062044334e+02 7.705434183759959410e+01 1.221173398033565007e+02
2.549256335819630408e+02 8.180517884387184324e+01 1.245525194948296388e+02
2.549336646041701897e+02 8.113814841498559360e+01 1.244347876758772742e+02
2.549302212239362575e+02 7.882787336836751990e+01 1.233625826411256128e+02
2.549117541108662408e+02 7.698901296829971841e+01 1.227051618918460747e+02
2.549171681640956137e+02 7.723402271571453070e+01 1.228795982369893238e+02
2.549228470927275794e+02 7.898278309883031056e+01 1.238247584336328231e+02
2.549354551618918379e+02 8.213701474826241622e+01 1.257072808950669582e+02
2.549387502119003273e+02 8.505708594677064127e+01 1.268655916256992668e+02
2.549477983556535037e+02 8.811058018308187911e+01 1.283966774029496491e+02
2.549480632310561248e+02 9.014928377691134642e+01 1.287867964909306693e+02
2.549555433124258457e+02 9.167417146974062803e+01 1.293706136633327617e+02
2.549563591286658664e+02 9.118010467875910763e+01 1.294697300389896668e+02
2.549593257331751204e+02 9.107273478555687518e+01 1.290666002712324030e+02
2.549505742498728580e+02 9.046697533480251252e+01 1.286980420410239105e+02
2.549506272249533936e+02 9.186213765044922752e+01 1.291485739108323401e+02
2.549478619257501180e+02 8.756525470418715429e+01 1.265684438040345867e+02
2.549261845228004688e+02 7.332606162061365751e+01 1.200594168503136103e+02
2.548448571791829238e+02 5.945573402271571695e+01 1.125594698253941317e+02
2.548170346668926811e+02 5.695559628750635994e+01 1.114682997118155612e+02
2.548174478725207734e+02 5.672441303610781205e+01 1.114609891507035115e+02
2.548653797253771813e+02 6.437795600949313268e+01 1.164896910493303892e+02
2.548926195117816462e+02 7.233161340905238035e+01 1.222644727919986423e+02
2.549192659772842831e+02 7.807385785726394545e+01 1.262182679267672540e+02
2.549342049499915106e+02 8.224870740803525848e+01 1.285829271910493219e+02
2.549349889811832384e+02 8.168370698423461818e+01 1.283157102898796325e+02
2.549277102051195243e+02 7.955944863536193168e+01 1.270824292252924295e+02
2.549278161552805670e+02 7.838297804712662753e+01 1.260587917443634467e+02
2.549212896253602310e+02 7.871477157145278625e+01 1.264589549076114565e+02
2.549332831835904472e+02 7.846404051534157986e+01 1.270868685370401749e+02
2.549343426852008747e+02 8.214532124088827914e+01 1.288098618409900098e+02
2.549404242244448255e+02 8.546604297338531353e+01 1.309808124258348982e+02
2.549517185116121425e+02 8.883598915070351154e+01 1.325929394812680187e+02
2.549568464994066801e+02 9.152502542803864571e+01 1.338851288353958182e+02
2.549600885743346339e+02 9.100265934904220444e+01 1.336452470757755577e+02
2.549702280047465592e+02 9.152519494829631697e+01 1.339484764366841887e+02
2.549612752161383185e+02 9.061337726733344766e+01 1.329337599593151253e+02
2.549604064248177622e+02 9.058032081708763883e+01 1.327248050517036688e+02
2.549544096457026683e+02 8.983745126292592431e+01 1.318184861840989868e+02
2.549480738260722035e+02 9.073861035768774741e+01 1.325773224275300777e+02
2.549415896762162959e+02 8.561536913036107421e+01 1.298682509747414713e+02
2.548836879132056197e+02 7.074377013053059216e+01 1.223487349550771341e+02
2.548249279538904943e+02 5.741296194270215381e+01 1.152801004407526761e+02
2.548071177318189484e+02 5.552899855907781301e+01 1.138331284963553145e+02
2.548008878623495548e+02 5.656833785387353686e+01 1.148968681132395346e+02
2.548275767079165917e+02 6.162061366333276879e+01 1.177830776402780089e+02
2.548606861332429219e+02 6.917835650110188794e+01 1.227943825224614329e+02
2.549007246991015450e+02 7.632131505339887667e+01 1.271679098152229130e+02
2.549121249364299047e+02 7.696423122563146535e+01 1.274352538565858595e+02
2.549225610272927725e+02 7.755973470079673859e+01 1.278680814544838142e+02
2.549228470927275794e+02 7.634951898626886191e+01 1.275550622986946934e+02
2.549178462451262988e+02 7.571787591117139016e+01 1.272501377352093641e+02
2.549187468214951764e+02 7.637572046109509927e+01 1.279493240379725307e+02
2.549315773859976275e+02 7.849298609933886439e+01 1.287693782844550014e+02
2.549413353958298103e+02 8.127834166807933514e+01 1.305413099677911646e+02
2.549374046448550644e+02 8.396199567723343193e+01 1.322614955924732953e+02
2.549381145109340707e+02 8.606599635531445358e+01 1.331034603322597150e+02
2.549549605865400963e+02 8.771931683336158869e+01 1.341513074249872943e+02
2.549551724868621818e+02 8.854864171893541425e+01 1.344528521783353199e+02
2.549552466519749032e+02 8.733607391083234006e+01 1.336373220037294516e+02
2.549475016952025896e+02 8.738640023732835971e+01 1.334064248177657248e+02
2.549451601966434851e+02 8.630026275639939115e+01 1.325368918460756049e+02
2.549513794710968000e+02 8.690870274622817249e+01 1.331259641464654919e+02
2.549551512968299676e+02 8.632608281064587175e+01 1.329070075436514742e+02
2.549201983387014820e+02 7.413066833361587271e+01 1.266545812849635553e+02
2.548432255467028256e+02 6.300082641125614202e+01 1.204591562129174491e+02
2.548226500254280324e+02 5.939389091371418772e+01 1.188830945923037774e+02
2.548153606543481828e+02 5.974581496863875429e+01 1.190073529411764639e+02
2.548295579759281111e+02 6.213422825902695479e+01 1.204381992710628850e+02
2.548595206814714231e+02 6.860239023563315186e+01 1.248999618579420172e+02
2.548881696050177936e+02 7.332020257670791352e+01 1.282410789964400806e+02
2.549086073910832226e+02 7.756794583827768008e+01 1.303647969994914320e+02
2.549206115443295459e+02 7.754841922359722162e+01 1.303258709103237720e+02
2.549102814036277209e+02 7.579800601796914350e+01 1.293703487879301690e+02
2.549066579081200246e+02 7.501509789794880589e+01 1.289685751822342752e+02
2.549092430920495076e+02 7.559098999830479215e+01 1.295717282590269406e+02
2.549249766909645700e+02 7.707954738091201818e+01 1.289590714527886064e+02
2.549347558908289670e+02 7.957595567045261475e+01 1.293220990845906044e+02
2.549351055263603882e+02 8.437778648923546143e+01 1.310224932191896983e+02
2.549458382776741701e+02 8.667509323614171990e+01 1.306415176301067902e+02
2.549481056111205248e+02 8.644666468893032629e+01 1.296630784878792895e+02
2.549565074588913376e+02 8.725881505339887667e+01 1.294863642142736069e+02
2.549555327174097386e+02 8.776937828445498724e+01 1.282586561281573267e+02
2.549447046109510211e+02 8.652984616036616217e+01 1.263891973215799283e+02
2.549483916765553602e+02 8.671881886760468205e+01 1.256919605017799597e+02
2.549428292931005160e+02 8.557715290727242063e+01 1.243008666723173405e+02
2.549443761654517573e+02 8.595657102898796609e+01 1.251718935412781804e+02
2.549446198508221642e+02 8.171228174266825306e+01 1.228189947448720147e+02
2.548884344804204147e+02 6.723368367519918820e+01 1.160460989150703455e+02
2.548469867774199145e+02 6.038293566706221327e+01 1.128050728937108005e+02
2.548320372096965514e+02 5.954028225122902285e+01 1.131773923546363818e+02
2.548425686557043548e+02 6.110602432615697666e+01 1.143197046109510069e+02
2.548725737413120953e+02 6.575655831496864323e+01 1.184672190201729052e+02
2.549043481946092697e+02 7.237907908120020295e+01 1.226276699440583116e+02
2.549075796745211164e+02 7.633911468045431548e+01 1.252259705034751676e+02
2.549263116629937258e+02 7.632494914392269436e+01 1.258421978301407052e+02
2.549082365655195872e+02 7.471627606373961328e+01 1.248022016443464963e+02
2.549071876589252383e+02 7.338333827767418427e+01 1.245551788438718432e+02
2.549076538396338378e+02 7.312594295643329190e+01 1.244039349889811774e+02
2.549139260891676599e+02 7.407491735887438722e+01 1.249140320393287027e+02
2.549252839464315912e+02 7.645735506017969385e+01 1.260771952873368349e+02
2.549268943888794752e+02 8.166989108323444668e+01 1.285270490761145936e+02
2.549298292083404078e+02 8.360127775894218871e+01 1.295915727241905415e+02
2.549401381590099902e+02 8.512506357009662850e+01 1.301385616206136717e+02
2.549432530937447154e+02 8.427120062722495675e+01 1.294086073910832226e+02
2.549469825394134546e+02 8.460359806746906486e+01 1.294592621630784777e+02
2.549455945923037916e+02 8.473421342600440198e+01 1.297468850652653032e+02
2.549456157823359774e+02 8.321108450584844718e+01 1.285164646550262830e+02
2.549420982369893238e+02 8.385412781827427864e+01 1.284116799457535194e+02
2.549440795050008433e+02 8.464214273605695382e+01 1.283832853025936629e+02
2.549337811493473396e+02 7.827995211052720492e+01 1.251889727072385199e+02
2.549045283098830339e+02 6.703012163078487617e+01 1.194295113578572654e+02
2.548507480081369749e+02 6.177284285472114078e+01 1.165685603492117366e+02
2.548439777928462320e+02 6.128288692998813048e+01 1.160162951347686118e+02
2.548517863197152167e+02 6.238562680115273906e+01 1.165792083403966757e+02
2.548747033395490860e+02 6.699078233598915233e+01 1.194826241735887464e+02
2.548983408204780403e+02 7.205268901508729584e+01 1.226013943041193386e+02
2.549212154602475096e+02 7.668138667570774203e+01 1.254764790642481813e+02
2.549301152737752147e+02 7.701821283268350271e+01 1.258616608747245351e+02
2.549273181895236462e+02 7.560932997118155185e+01 1.248668418375995941e+02
2.549164900830649287e+02 7.443363281912188256e+01 1.238881166299372723e+02
2.549123262417358831e+02 7.459828996440074889e+01 1.240372732666553617e+02
2.549237052890320285e+02 7.563695117816578772e+01 1.242724190540769627e+02
2.549241502797084138e+02 7.763236353619257102e+01 1.256339739786404408e+02
2.549282717409730594e+02 7.972142524156636512e+01 1.265591307848787892e+02
2.549406255297508039e+02 8.390434819460925553e+01 1.283882649601627293e+02
2.549414731310391460e+02 8.390878750635701522e+01 1.286202746228174192e+02
2.549510192405492432e+02 8.494370867943719361e+01 1.289436451093405651e+02
2.549492922529242378e+02 8.523256060349211793e+01 1.290425177996270634e+02
2.549514642312256285e+02 8.583370062722495675e+01 1.293478767587726850e+02
2.549493982030852806e+02 8.461015638243770809e+01 1.280404941515511155e+02
2.549415049160874673e+02 8.513177021529072874e+01 1.285341053568401435e+02
2.549411129004916177e+02 8.181103788777758723e+01 1.260173440413629464e+02
2.549328170028818477e+02 7.172636251907103144e+01 1.217848364129513499e+02
2.548808272588574368e+02 6.356500042380064741e+01 1.171861226479064300e+02
2.548543715036446997e+02 6.138438718426851892e+01 1.156468469232073204e+02
2.548455776402780089e+02 6.002954949991524103e+01 1.145859573656551902e+02
2.548709315138158900e+02 6.377621206984234448e+01 1.172102792846245194e+02
2.548920155958637110e+02 7.048126801152737642e+01 1.214654072724190570e+02
2.549160450923885435e+02 7.428323656551957299e+01 1.239602263095439838e+02
2.549328699779623548e+02 7.552710205119511500e+01 1.240903013222580142e+02
2.549316727411425632e+02 7.550864553314120542e+01 1.240943274283776958e+02
2.549370126292591863e+02 7.486064375317850761e+01 1.235106056111205248e+02
2.549336222241057897e+02 7.433353110696728550e+01 1.231852750466180737e+02
2.549317469062552846e+02 7.483924182064757247e+01 1.236014896592642884e+02
2.549273181895236462e+02 7.622158416680792925e+01 1.245120571283268305e+02
2.549373728598067430e+02 7.827743049669435038e+01 1.248234552466519744e+02
2.549487836921512098e+02 8.269756526529920393e+01 1.270966159518562506e+02
2.549582556365485573e+02 8.414302212239363143e+01 1.282638900661129071e+02
2.549587959823699066e+02 8.331571028987964667e+01 1.274207704695711101e+02
2.549618155619596678e+02 8.358122139345651647e+01 1.275931301915578899e+02
2.549605229699949120e+02 8.393622859806747272e+01 1.276764705882352899e+02
2.549526296829971272e+02 8.451021359552466095e+01 1.279170728089506639e+02
2.549545261908798182e+02 8.339642312256314938e+01 1.260810306831666452e+02
2.549553526021359460e+02 8.444119766062044619e+01 1.266150512798779459e+02
2.549541235802678329e+02 8.502285344973724079e+01 1.268717897101203533e+02
2.549445880657738712e+02 7.644483175114426388e+01 1.221821283268350555e+02
2.548944524495677229e+02 6.692589845736566190e+01 1.181839400745889179e+02
2.548844825394134546e+02 6.318025300898457175e+01 1.160515235633158113e+02
2.548639599932191970e+02 6.067848364129513783e+01 1.149178038650618703e+02
2.548706242583488688e+02 6.370970715375487714e+01 1.167672063061535823e+02
2.548852241905407823e+02 6.781686514663502408e+01 1.197870401763010619e+02
2.549151233259874516e+02 7.148738133581963439e+01 1.224964506696050108e+02
2.549323720122054624e+02 7.513196092558060002e+01 1.255666426512968314e+02
2.549391528225122840e+02 7.587128114934735379e+01 1.263410005933208993e+02
2.549419499067638526e+02 7.523993473470079607e+01 1.262465566197660678e+02
2.549381251059501494e+02 7.461578233598915233e+01 1.261650597558908231e+02
2.549397249533819263e+02 7.494716265468723293e+01 1.263136654517714845e+02
2.549351796914731381e+02 7.635849296490930271e+01 1.270634005763688776e+02
2.549360378877775872e+02 7.789858450584844718e+01 1.284079187150364589e+02
2.549385912866587489e+02 7.974921596880827224e+01 1.291326813866756993e+02
2.549484022715714389e+02 8.172322639430412039e+01 1.303377903034412668e+02
2.549547910662824108e+02 8.305869638921851106e+01 1.306723491269706869e+02
2.549524283776911204e+02 8.403798313273436804e+01 1.310663777758942103e+02
2.549480844210883106e+02 8.467961730801830811e+01 1.314422677572469809e+02
2.549478301407018250e+02 8.342506145109341276e+01 1.304611480759450615e+02
2.549397143583658192e+02 8.384626631632480098e+01 1.309550453466689248e+02
2.549508285302593720e+02 8.440699694863536706e+01 1.311506293439566093e+02
2.549530005085607627e+02 8.354274029496524179e+01 1.306046681640956137e+02
2.549616566367180894e+02 8.418220249194779115e+01 1.313332556365485573e+02
2.549543566706221327e+02 8.502085099169350713e+01 1.311325224614341494e+02
2.549551301067977533e+02 8.438237413120867814e+01 1.307613366672317454e+02
2.549586476521444354e+02 8.535846117986099557e+01 1.312729911849465907e+02
2.549554161722325887e+02 8.656213976945244326e+01 1.321078042888625248e+02
2.549526402780132344e+02 8.238751271401932286e+01 1.302124618579420314e+02
2.549294583827767440e+02 6.962496821495169286e+01 1.233970800135616201e+02
2.548815053398881219e+02 6.161363154771995454e+01 1.192706602814036216e+02
2.548591498559077877e+02 5.812064544838108304e+01 1.175885637396168875e+02
2.548625190710289985e+02 5.872586455331411770e+01 1.178076898626885907e+02
2.548639388031869828e+02 6.198133158162400491e+01 1.199841710459399877e+02
2.548987222410578113e+02 6.790120147482623736e+01 1.238786658755721248e+02
2.549228364977114722e+02 7.171200627224953905e+01 1.265175877267333391e+02
2.549325309374470123e+02 7.296945456857093859e+01 1.276380742498728580e+02
2.549454462620783204e+02 7.492689438887947517e+01 1.284323932022376766e+02
2.549388667570774771e+02 7.458050093236141720e+01 1.287156827428377710e+02
2.549412612307170605e+02 7.443978852347855479e+01 1.291840036446855322e+02
2.549394812680115194e+02 7.487663163248008402e+01 1.293111650279708442e+02
2.549437510595016079e+02 7.661037887777590072e+01 1.304233768435327931e+02
2.549527462281742771e+02 7.843836879132055628e+01 1.318281806238345553e+02
2.549563061535853592e+02 8.019227835226310219e+01 1.327050135616206035e+02
2.549543036955416255e+02 8.219259620274623046e+01 1.335610166977453730e+02
2.549583298016613071e+02 8.331569969486353955e+01 1.339215015256823165e+02
2.549572067299542368e+02 8.409059798270892827e+01 1.341101563824377081e+02
2.549593787082556275e+02 8.316929776233260441e+01 1.336921512120698310e+02
2.549585311069672855e+02 8.352014112561451498e+01 1.334286001864722948e+02
2.549480738260722035e+02 8.344342261400237248e+01 1.326735781488388000e+02
2.549502775894219440e+02 8.240456009493134104e+01 1.318963595524665209e+02
2.549583403966774142e+02 8.418498898118325258e+01 1.319371079844041503e+02
2.549574186302763223e+02 8.708915706051872974e+01 1.328107942024071804e+02
2.549584781318867499e+02 8.898751907102898429e+01 1.339228364977114722e+02
2.549691579081200246e+02 8.914628538735378527e+01 1.335695033056450143e+02
2.549697194439735597e+02 9.179408586201050468e+01 1.340453466689269248e+02
2.549706412103746516e+02 9.199299669435497151e+01 1.337726203593829553e+02
2.549702068147143450e+02 8.967771020511951008e+01 1.325761675707747145e+02
2.549345333954907744e+02 7.289324461773182406e+01 1.222771656212917435e+02
2.549029708425156855e+02 6.192063273436175308e+01 1.165352708086116280e+02
2.548887841159518644e+02 6.026724868621800368e+01 1.153853619257501322e+02
2.548759959315138133e+02 5.951447279199864226e+01 1.152735739108323401e+02
2.548836561281573267e+02 6.434849126970672728e+01 1.184822957280895110e+02
2.549071346838447312e+02 6.827181513815901326e+01 1.219403182742837828e+02
2.549115739955924766e+02 7.241267587726733268e+01 1.244875508560773056e+02
2.549260679776233189e+02 7.559851245973894152e+01 1.259638286150194944e+02
2.549270956941854536e+02 7.500346457026614644e+01 1.257433781149347283e+02
2.549345016104424531e+02 7.301112476690964570e+01 1.249075902695372093e+02
2.549398944736396118e+02 7.219529793185286337e+01 1.241737582641125641e+02
2.549287591117138447e+02 7.324092007119850223e+01 1.246036828275978934e+02
2.549342579250720462e+02 7.737510595016104276e+01 1.276580988303102231e+02
2.549364828784539725e+02 7.983451644346499165e+01 1.289438252246143293e+02
2.549441748601457789e+02 8.183091413798949532e+01 1.299896592642820679e+02
2.549515066112900570e+02 8.323488091201897987e+01 1.315957259705034801e+02
2.549617202068147037e+02 8.416913883709102606e+01 1.319265553483641327e+02
2.549619956772334319e+02 8.478038650618748306e+01 1.318370062722495391e+02
2.549664879640617130e+02 8.395349847431768353e+01 1.321087366502796954e+02
2.549643583658247223e+02 8.462342134260043736e+01 1.321956475673842988e+02
2.549612010510255971e+02 8.539379555856925208e+01 1.324326262925919764e+02
2.549582450415324502e+02 8.502824631293439950e+01 1.326273309035429691e+02
2.549531382437701268e+02 8.582462069842345898e+01 1.325932255467028256e+02
2.549553208170876530e+02 8.647562086794371794e+01 1.325935116121376609e+02
2.549534984743176835e+02 8.402109467706391399e+01 1.311435094931344167e+02
2.549410069503305749e+02 7.456300856077301376e+01 1.258156996948635395e+02
2.549101648584505710e+02 6.629557975928123881e+01 1.215852686896084123e+02
2.548765362773351342e+02 6.069886845228004546e+01 1.186224677911510383e+02
2.548626568062383342e+02 6.036559162569927395e+01 1.179594104933039489e+02
2.548813358196304364e+02 6.450988515002542556e+01 1.199016464655026226e+02
2.549054606713002329e+02 6.944479996609594252e+01 1.232305581454483843e+02
2.549200711985082251e+02 7.449666256992711055e+01 1.262004577046957081e+02
2.549261739277843617e+02 7.869492710628919951e+01 1.289068486184098958e+02
2.549316091710459489e+02 7.846522715714527862e+01 1.289397249533819263e+02
2.549366523987116580e+02 7.733728174266825306e+01 1.282281636718087725e+02
2.549376377352093641e+02 7.700296660450923980e+01 1.282566642651296718e+02
2.549458276826580914e+02 7.774330394982200687e+01 1.284076750296660521e+02
2.549522058823529278e+02 7.952030005085607911e+01 1.294502246143414084e+02
2.549577788608238791e+02 8.256577385997626095e+01 1.310936811323953179e+02
2.549652907272418929e+02 8.579610951008645259e+01 1.333717155450076177e+02
2.549656509577894496e+02 8.795296872351245554e+01 1.343364023563315754e+02
2.549660853534497278e+02 9.043815689099847077e+01 1.355192723342939587e+02
2.549664032039328561e+02 9.018790261061197100e+01 1.351019770300050880e+02
2.549685963722664894e+02 9.077180454314290614e+01 1.355625423800644285e+02
2.549706835904390516e+02 8.958268350567892924e+01 1.343510022885234889e+02
2.549760234785556747e+02 8.845144304119342848e+01 1.335107327513137818e+02
2.549717007119850791e+02 8.923267714866926781e+01 1.333752436853704069e+02
2.549651529920325572e+02 8.864005551788439163e+01 1.327916066282420786e+02
2.549626843532802241e+02 8.913047762332598722e+01 1.324759916935073818e+02
2.549535514493981907e+02 8.174587853873538279e+01 1.285286807085946634e+02
2.549100165282251282e+02 6.751120952703847422e+01 1.205874300728937101e+02
2.548707302085099116e+02 5.972419054076961942e+01 1.157054373622647887e+02
