2.549588835534213729e+02 1.088642156862745054e+02 1.515263205282112722e+02
2.549637555022008826e+02 1.093185174069627834e+02 1.530470288115245978e+02
2.548540816326530489e+02 6.382255902360944333e+01 1.269160564225690280e+02
2.548562024809924083e+02 6.429362745098039511e+01 1.271158363345338103e+02
2.548896958783513469e+02 8.577888155262104419e+01 1.373914165666266456e+02
2.549062424969988001e+02 8.658152260904361697e+01 1.373298019207683183e+02
2.547813425370148082e+02 6.999372749099639179e+01 1.252197078831532622e+02
2.548047418967587134e+02 7.060883353341336033e+01 1.250067827130852294e+02
2.548100340136054456e+02 7.380754301720688204e+01 1.270570828331332507e+02
2.548188275310124027e+02 7.654847939175670035e+01 1.286315626250500088e+02
2.548174669867947273e+02 7.537938175270107877e+01 1.277596638655462158e+02
2.548176370548219154e+02 7.450019007603040677e+01 1.272272308923569426e+02
2.547726890756302396e+02 6.621105442176870781e+01 1.232278311324529767e+02
2.547316326530612116e+02 6.130241096438575710e+01 1.209045718287314912e+02
2.546952581032412866e+02 5.960713285314125898e+01 1.196283913565426218e+02
2.546892757102841074e+02 5.955350140056022212e+01 1.203604441776710701e+02
2.547012404961984657e+02 6.077123849539815836e+01 1.213080732292917219e+02
2.547429071628651513e+02 6.492190876350539952e+01 1.243780012004801989e+02
2.547658763505402248e+02 6.806358543417367457e+01 1.269870048019207616e+02
2.547718087234893858e+02 6.862988195278111903e+01 1.275118347338935507e+02
2.547788515406162446e+02 6.876297519007603398e+01 1.275390256102440958e+02
2.547727691076430574e+02 6.841592637054822035e+01 1.270931372549019613e+02
2.547831632653061149e+02 6.844824929971989036e+01 1.272612444977991260e+02
2.547742997198879493e+02 6.862570028011204215e+01 1.275422168867547015e+02
2.547770408163265188e+02 6.921442577030812515e+01 1.278124249699880011e+02
2.547858043217287047e+02 7.015867346938775029e+01 1.281401260504201787e+02
2.548038315326130316e+02 7.172779111644658201e+01 1.286292617046818805e+02
2.548234093637454976e+02 7.293100240096038078e+01 1.294892156862745196e+02
2.548172168867546930e+02 7.394964985994397466e+01 1.296835734293717621e+02
2.548201680672268878e+02 7.482618047218888080e+01 1.301099239695878396e+02
2.548287114845938390e+02 7.526628651460583797e+01 1.303551520608243379e+02
2.548255202080832191e+02 7.342990196078432064e+01 1.290656862745098010e+02
2.548177470988395328e+02 7.377073829531812521e+01 1.292519007603041246e+02
2.548019407763105164e+02 7.442354941976790883e+01 1.292875050020008132e+02
2.548038515406162503e+02 7.469694877951179990e+01 1.290911064425770292e+02
2.548032012805122122e+02 7.023218287314925590e+01 1.268852340936374503e+02
2.547686974789915837e+02 6.363798519407762910e+01 1.231853241296518604e+02
2.546787715086034325e+02 5.928996598639455584e+01 1.207197278911564666e+02
2.546699779911964754e+02 5.857798119247699020e+01 1.207852641056422556e+02
2.546835734293717621e+02 5.979350740296118261e+01 1.215439375750300144e+02
2.546922168867546930e+02 6.364321728691476920e+01 1.242760104041616671e+02
2.547390356142456938e+02 6.583155262104841654e+01 1.255161764705882348e+02
2.547546018407362851e+02 7.051003401360544842e+01 1.281861244497799248e+02
2.547629351740696393e+02 7.130284113645458888e+01 1.285246498599439917e+02
2.547787114845938277e+02 7.063616446578630814e+01 1.284127751100440094e+02
2.547842136854741852e+02 7.009323729491796939e+01 1.278530112044817884e+02
2.547879151660664263e+02 7.029112645058023645e+01 1.279222088835534237e+02
2.547838635454181713e+02 7.048478391356542261e+01 1.279493597438975598e+02
2.547945478191276436e+02 7.217561024409764059e+01 1.291290316126450648e+02
2.547964285714285779e+02 7.431653661464585525e+01 1.302780912364945891e+02
2.547915566226490682e+02 7.548792517006802427e+01 1.311279811924769945e+02
2.547923769507803229e+02 7.529505802320927899e+01 1.305458783513405479e+02
2.548025710284113643e+02 7.503860544217687334e+01 1.302988195278111334e+02
2.547883553421368674e+02 7.263330332132852618e+01 1.292837034813925641e+02
2.547486194477791059e+02 7.165846338535413906e+01 1.285003901560624229e+02
2.547526810724289703e+02 7.156152460984394281e+01 1.282933373349339661e+02
2.547519007603041246e+02 7.144672869147659355e+01 1.279995198079231642e+02
2.547239095638255435e+02 7.099527811124450238e+01 1.274994397759103606e+02
2.547206482593037151e+02 6.577105842336935382e+01 1.252165666266506605e+02
2.546804921968787596e+02 6.008101240496198159e+01 1.218604341736694607e+02
2.545877350940376118e+02 5.712296918767506781e+01 1.204147859143657513e+02
2.546104041616646612e+02 5.740333133253301412e+01 1.207304221688675483e+02
2.546262805122048860e+02 5.822238895558223248e+01 1.218021208483393423e+02
2.546492396958783502e+02 6.084633853541416215e+01 1.234743097238895615e+02
2.546935874349739777e+02 6.555580232092836468e+01 1.260331132452981251e+02
2.547078431372549119e+02 6.724478791516607146e+01 1.272709383753501413e+02
2.547069227691076492e+02 6.886227490996398615e+01 1.279228491396558667e+02
2.547155262104841995e+02 6.858066226490596762e+01 1.282229191676670723e+02
2.547069927971188577e+02 6.834358743497398336e+01 1.279878851540616296e+02
2.547125050020007961e+02 6.688167266906762620e+01 1.273004001600640294e+02
2.547449179671868649e+02 7.088468387354942024e+01 1.295160064025610325e+02
2.547415366146458666e+02 7.298230292116846840e+01 1.310819027611044305e+02
2.547640256102440901e+02 7.454209683873548897e+01 1.312968987595037902e+02
2.547890856342536949e+02 7.611039415766306604e+01 1.320525110044017651e+02
2.547908563425370119e+02 7.460446178471389089e+01 1.312857843137254861e+02
2.547907663065226131e+02 7.437889155662264784e+01 1.313551520608243379e+02
2.547955382152861148e+02 7.520420168067226996e+01 1.318282713085233979e+02
2.547684673869547680e+02 7.425615246098439570e+01 1.307030112044817827e+02
2.547696578631452553e+02 7.357107843137255543e+01 1.301854141656662591e+02
2.547559223689475800e+02 7.169301720688275736e+01 1.289291216486594749e+02
2.547045218087234844e+02 6.522859143657463221e+01 1.260776010404161696e+02
2.546449979991996884e+02 5.733920568227291170e+01 1.221541216486594692e+02
2.545958783513405308e+02 5.498292316926770695e+01 1.207980292116846783e+02
2.545827631052420941e+02 5.488311324529811941e+01 1.211867346938775540e+02
2.546028911564625901e+02 5.754935974389756126e+01 1.228736194477791059e+02
2.546148959583833573e+02 6.099901960784313815e+01 1.250450480192076839e+02
2.546603041216486645e+02 6.323227290916366883e+01 1.269939275710284079e+02
2.547043217286914683e+02 6.678570428171268247e+01 1.286364245698279376e+02
2.547002701080432132e+02 6.598192276910764065e+01 1.287603241296518490e+02
2.546942977190876434e+02 6.533450380152061143e+01 1.286931072428971561e+02
2.547064325730292182e+02 6.525036014405762330e+01 1.289342637054821807e+02
2.546712885154061610e+02 6.541741696678671758e+01 1.287807623049219785e+02
2.547048519407763081e+02 6.579913965586234781e+01 1.285671668667467031e+02
2.546960684273709603e+02 6.657794117647058840e+01 1.288397559023609347e+02
2.546956382553021285e+02 6.765753301320528124e+01 1.290823429371748716e+02
2.547329731892756968e+02 6.873668467386954717e+01 1.299110144057623017e+02
2.547294417767106722e+02 6.970792316926770127e+01 1.300451380552220826e+02
2.547254001600640265e+02 7.038596438575430625e+01 1.301784913965586270e+02
2.547510604241696797e+02 7.098678471388555522e+01 1.301956082432973290e+02
2.547368247298919641e+02 7.158493397358942900e+01 1.299816326530612116e+02
2.547432272909163657e+02 7.169694877951179990e+01 1.300349739895958407e+02
2.547288515406162333e+02 6.792900160064026238e+01 1.282214485794317795e+02
2.546439975990396078e+02 5.882975190076030714e+01 1.232029911964785924e+02
2.545817827130852322e+02 5.571885754301720795e+01 1.212620748299319757e+02
2.545987194877951083e+02 5.629219687875150413e+01 1.216483493397359013e+02
2.546283513405362271e+02 5.757220888355342225e+01 1.229882252901160484e+02
2.546468287314926044e+02 6.079903961584633976e+01 1.253639655862344995e+02
2.546956682673069281e+02 6.544447779111644081e+01 1.284328831532613151e+02
2.547323129251700777e+02 6.790432172869147109e+01 1.298833333333333258e+02
2.547438675470187945e+02 6.817711084433773294e+01 1.295642757102841074e+02
2.547776110444177675e+02 6.839399759903962206e+01 1.301012304921968905e+02
2.547667066826730604e+02 6.776291516606642062e+01 1.297279611844737985e+02
2.547634253701480702e+02 6.759655862344938271e+01 1.294966986794717911e+02
2.547934373749499741e+02 6.881449579831932795e+01 1.306047519007603057e+02
2.547954481792717161e+02 7.016742697078831270e+01 1.310817226890756331e+02
2.547819127651060285e+02 7.127600040016005778e+01 1.313857743097238995e+02
2.548069227691076435e+02 7.303638455382153438e+01 1.329666466586634783e+02
2.548098839535814193e+02 7.393367346938775597e+01 1.334659063625450131e+02
2.547905062024809979e+02 7.255249099639856070e+01 1.325298919567827056e+02
2.548082533013205193e+02 7.343103241296518036e+01 1.334674769907963139e+02
2.547752701080432303e+02 7.360924369747898766e+01 1.331187174869947967e+02
2.547749299719887972e+02 7.214601840736294491e+01 1.321225890356142543e+02
2.547847238895558348e+02 7.280393157262905390e+01 1.328654261704681971e+02
2.547618347338935507e+02 7.098601440576230459e+01 1.320152961184473668e+02
2.547509703881552525e+02 6.463017206882753385e+01 1.294292316926770638e+02
2.547054021608643382e+02 5.827101840736294491e+01 1.262369247699079580e+02
2.546568327330932391e+02 5.777117847138855211e+01 1.258498699479791867e+02
2.546403361344537757e+02 5.872978191276510529e+01 1.267358343337334929e+02
2.546532412965186154e+02 6.226178471388555380e+01 1.294118247298919471e+02
2.547004301720688204e+02 6.379978991596638593e+01 1.314271908763505508e+02
2.547266106442577041e+02 6.788787515006002593e+01 1.343756502601040381e+02
2.547419867947178886e+02 6.818461384553820892e+01 1.345982993197278859e+02
2.547579031612644940e+02 6.808655462184873386e+01 1.339361044417767062e+02
2.547506602641056475e+02 6.727502000800319593e+01 1.325658463385354082e+02
2.547596838735494202e+02 6.689514805922368623e+01 1.316089435774309777e+02
2.547428371348539429e+02 6.728450380152061427e+01 1.309919167667066802e+02
2.547535914365746237e+02 7.025169067627051334e+01 1.317495598239295589e+02
2.547850940376150390e+02 7.330734293717486594e+01 1.330032412965186097e+02
2.548178771508603404e+02 7.491967787114846544e+01 1.333828531412565042e+02
2.548102741096438706e+02 7.386687675070028547e+01 1.322154561824729910e+02
2.548255802320928467e+02 7.421210484193677814e+01 1.315568527410964350e+02
2.548136554621848688e+02 7.482074829931973170e+01 1.309400060024009633e+02
2.548226890756302510e+02 7.364282713085233922e+01 1.308659163665466281e+02
2.548066626650660282e+02 7.430419167667066915e+01 1.307464485794317852e+02
2.548014005602240957e+02 7.269909963985594459e+01 1.305683973589435709e+02
2.547815026010404154e+02 7.075658263305322748e+01 1.296671168467387076e+02
2.547414565826330488e+02 6.475645258103241986e+01 1.272287915166066483e+02
2.546574629851940870e+02 5.824375750300119847e+01 1.240744497799119586e+02
2.546238695478191403e+02 5.571623649459783678e+01 1.230735194077631007e+02
2.546094337735094086e+02 5.601602641056422272e+01 1.235618747498999568e+02
2.546537915166066455e+02 5.970257102841136287e+01 1.261404861944777878e+02
2.546792817126850821e+02 6.130077030812324779e+01 1.279165166066426593e+02
2.547262004801920909e+02 6.439192677070828097e+01 1.301238295318127314e+02
2.547256102440976520e+02 6.619986994797919522e+01 1.310876150460184135e+02
2.547116746698679606e+02 6.604990996398559844e+01 1.308240396158463454e+02
2.547301120448179290e+02 6.631999799919968552e+01 1.313516606642656939e+02
2.547083033213285432e+02 6.614781912765106142e+01 1.313630852340936315e+02
2.546981392557022730e+02 6.641685674269707818e+01 1.313484293717486935e+02
2.547066926770708335e+02 6.784472789115646663e+01 1.320900460184073495e+02
2.547188975590236169e+02 6.965727290916366599e+01 1.333806422569027745e+02
2.547284913965586099e+02 7.154037615046019027e+01 1.344575830332132966e+02
2.547679771908763371e+02 7.349489795918367463e+01 1.351298719487795097e+02
2.547904661864745890e+02 7.277695078031212006e+01 1.351069227691076549e+02
2.547957883153261207e+02 7.353138255302120285e+01 1.353071128451380503e+02
2.547758703481392502e+02 7.395462184873949241e+01 1.349390956382553100e+02
2.547755002000800459e+02 7.119061624649859255e+01 1.334506402561024458e+02
2.547644257703081223e+02 6.760962384953981541e+01 1.312507603041216555e+02
2.546801620648259359e+02 6.193176270508203629e+01 1.284972488995598212e+02
2.546541316526610785e+02 5.762576030412164840e+01 1.262120848339335737e+02
2.546299119647859186e+02 5.775805322128851316e+01 1.261825530212084772e+02
2.546265706282513008e+02 6.062460984393757712e+01 1.277051220488195327e+02
2.546761904761904702e+02 6.198676470588235077e+01 1.284453481392557137e+02
2.546838435374149583e+02 6.553624449779911743e+01 1.304848939575830400e+02
2.546894257703081337e+02 6.633114245698278921e+01 1.311589035614245802e+02
2.546941776710684167e+02 6.576884753901560998e+01 1.309295718287314969e+02
2.546975290116046438e+02 6.455024009603842217e+01 1.301604841936774619e+02
2.546933173269307815e+02 6.460334133653461208e+01 1.299303021208483528e+02
2.547033113245298068e+02 6.485177070828331125e+01 1.299989395758303203e+02
2.546949279711884628e+02 6.501076430572229015e+01 1.296189175670268128e+02
2.547066726690676148e+02 6.565055022008803576e+01 1.298355142056822729e+02
2.547149959983993597e+02 6.911873749499800113e+01 1.316070628251300434e+02
2.547137254901960830e+02 6.761558623449380434e+01 1.303207182873149179e+02
2.547261604641856820e+02 6.869320728291316414e+01 1.311321828731492474e+02
2.547360744297719179e+02 6.955331132452981535e+01 1.316857142857142833e+02
2.547096138455382288e+02 6.857211884753901643e+01 1.308871248499399655e+02
2.546835034013605537e+02 6.466981792717086819e+01 1.282410964385754255e+02
2.546613645458183157e+02 6.194606842737094610e+01 1.268825930372148889e+02
2.546374049619847995e+02 6.054441776710684309e+01 1.259435174069627834e+02
2.546430572228891549e+02 6.034268707482993221e+01 1.258034913965586270e+02
2.546486194477791116e+02 6.116636654661864725e+01 1.265482292917166802e+02
2.546590136054421691e+02 6.484935974389756552e+01 1.286177771108443437e+02
2.546936974789915951e+02 6.681420568227291312e+01 1.300285714285714391e+02
2.547252100840336198e+02 6.691003401360543990e+01 1.304372549019607845e+02
2.547046918767507009e+02 6.564832933173269680e+01 1.290327831132453014e+02
2.546989895958383272e+02 6.458246298519408413e+01 1.284410564225690337e+02
2.546760204081632537e+02 6.445378151260504751e+01 1.284813925570228150e+02
2.546832533013205193e+02 6.509589835934373525e+01 1.292984493797519008e+02
2.546878051220488146e+02 6.611907763105241997e+01 1.299560124049619958e+02
2.547000300120047882e+02 6.676934773909563603e+01 1.304214085634253593e+02
2.546975490196078340e+02 6.721527611044417938e+01 1.313556622649059591e+02
2.547250800320128121e+02 6.801819727891155765e+01 1.319872248899559963e+02
2.547202981192477012e+02 6.798071228491396312e+01 1.318934873949579867e+02
2.547088235294117737e+02 6.637683073229291608e+01 1.313439575830332160e+02
2.546921068427371040e+02 6.271662665066026676e+01 1.292529311724689762e+02
2.546726790716286644e+02 6.018014205682273143e+01 1.279562925170068013e+02
2.546464785914365621e+02 5.951966786714685753e+01 1.276422468987595096e+02
2.546335634253701414e+02 6.017149859943977930e+01 1.280963885554221804e+02
2.546630352140856246e+02 6.343852541016406832e+01 1.297725590236094320e+02
2.546733393357342834e+02 6.402161864745897901e+01 1.303690276110444302e+02
2.547048919567827170e+02 6.432027811124449101e+01 1.308274209683873437e+02
2.546884553821528527e+02 6.648219287715086523e+01 1.320785414165666225e+02
2.547067827130852322e+02 6.616014405762304307e+01 1.317147358943577444e+02
2.547187875150059995e+02 6.588542416966787130e+01 1.320028411364545775e+02
2.546976290516206518e+02 6.640202080832332854e+01 1.319114245698279433e+02
2.546892256902761176e+02 6.735239095638254980e+01 1.325944577831132563e+02
2.547137555022008826e+02 6.842617046818727999e+01 1.333801720688275338e+02
2.547329731892756968e+02 6.993495398159264198e+01 1.341093237294917913e+02
2.547442777110844361e+02 7.047125850340135855e+01 1.345231292517006807e+02
2.547734493797518951e+02 7.112803121248499849e+01 1.345034413765506258e+02
2.547681972789115719e+02 6.883003201280511973e+01 1.337481792717086932e+02
2.547352340936374446e+02 6.473168267306922985e+01 1.311747498999599770e+02
2.546776010404161639e+02 6.112090836334533606e+01 1.289472288915566196e+02
2.546509303721488493e+02 5.997153861544617826e+01 1.290777711084433861e+02
2.546458583433373235e+02 5.998621448579432069e+01 1.291916266506602540e+02
2.546484693877551138e+02 6.042147859143657485e+01 1.298223789515806459e+02
2.546835734293717621e+02 6.318295318127250937e+01 1.314263305322128872e+02
2.547076330532212864e+02 6.374485794317727283e+01 1.320557022809123566e+02
2.547248499399759964e+02 6.436927771108443608e+01 1.323221488595438302e+02
2.547290316126450591e+02 6.437357943177271125e+01 1.322591936774709893e+02
2.547299719887955121e+02 6.443584433773509090e+01 1.328722488995598212e+02
2.547154461784713817e+02 6.483090236094437842e+01 1.327412965186074416e+02
2.547204681872749177e+02 6.547169867947178545e+01 1.329478691476590768e+02
2.547214785914365791e+02 6.624764905962385342e+01 1.334589135654261725e+02
2.547185974389755927e+02 6.732468987595038357e+01 1.337508003201280644e+02
2.547471188475390136e+02 6.858142256902760892e+01 1.342797018807522988e+02
2.547427270908363255e+02 6.918252300920367759e+01 1.342168067226890855e+02
2.547407062825130026e+02 6.956228491396558411e+01 1.339799519807923218e+02
2.547558923569427805e+02 7.020129051620648397e+01 1.342370748299319700e+02
2.547559023609443898e+02 7.035968387354941456e+01 1.340634353741496625e+02
2.547467887154861899e+02 7.059986994797918669e+01 1.339337434973989502e+02
2.547583533413365444e+02 6.959618847539015007e+01 1.334546018407363022e+02
2.547680372148859647e+02 7.032863145258103543e+01 1.334929971988795501e+02
2.547728191276510472e+02 7.096971788715485729e+01 1.336626450580232017e+02
2.547866546618647590e+02 7.122463985594237101e+01 1.337209483793517393e+02
2.547743897559023480e+02 7.175758303321327958e+01 1.337984193677471012e+02
2.547379351740696336e+02 7.002776110444177959e+01 1.327923669467787136e+02
2.547404161664665878e+02 6.559874949979992209e+01 1.305723689475790366e+02
2.546861644657863053e+02 6.124800920368146961e+01 1.272873249299719873e+02
2.546748699479792037e+02 5.970151060424169742e+01 1.268265906362545081e+02
2.546589435774309607e+02 5.912156862745098351e+01 1.263146258503401356e+02
2.546414965986394634e+02 5.820592236894757576e+01 1.257219387755102105e+02
2.546454881952781193e+02 6.001088435374149554e+01 1.268957382953181252e+02
2.546583433373349408e+02 6.083994597839135565e+01 1.275761004401760772e+02
2.546728491396558525e+02 6.233034213685473901e+01 1.285396358543417250e+02
2.547037915166066568e+02 6.558022208883554072e+01 1.301433473389355697e+02
2.547241196478591405e+02 6.547769107643057396e+01 1.304430272108843667e+02
2.546965686274509721e+02 6.524965986394558115e+01 1.301414265706282549e+02
2.547154061624649728e+02 6.602690076030411603e+01 1.311563125250100086e+02
2.547244797919167638e+02 6.706765706282513406e+01 1.315434873949579924e+02
2.547280912364946062e+02 6.775685274109643785e+01 1.318428771508603461e+02
2.547467887154861899e+02 6.871227490996398046e+01 1.325311524609844014e+02
2.547346238495398154e+02 6.985927370948378723e+01 1.329452080832332967e+02
2.547487995198079318e+02 7.110721288515405547e+01 1.337651460584233689e+02
2.547786514605842285e+02 7.159457783113245455e+01 1.336702480992397000e+02
2.547664065626250363e+02 7.226545618247298819e+01 1.340860644257703029e+02
2.547670468187274935e+02 7.152915166066426877e+01 1.335583133253301185e+02
2.547594437775109952e+02 7.162824129651860972e+01 1.333053921568627516e+02
2.547733393357343061e+02 7.195863345338135275e+01 1.335720088035214133e+02
2.547708083233293337e+02 7.272025810324129225e+01 1.346673969587835131e+02
2.547667567026810787e+02 7.192122849139656182e+01 1.342298019207682955e+02
2.547766106442577154e+02 7.191924769907963366e+01 1.342730992396958811e+02
2.548057823129251744e+02 7.230634253701479963e+01 1.342270308123249265e+02
2.547931872749099682e+02 7.327528011204481118e+01 1.345913565426170351e+02
2.547798119247699162e+02 7.216831732693077583e+01 1.335618547418967523e+02
2.547818727490996480e+02 7.211969787915165853e+01 1.335013105242096856e+02
2.547740796318527430e+02 7.304960984393757428e+01 1.338240096038415459e+02
2.547787014805922468e+02 7.428793517406963076e+01 1.341070028011204442e+02
2.547780912364945891e+02 7.315392156862745310e+01 1.337473289315726390e+02
2.547756902761104527e+02 7.316763705482192393e+01 1.336789215686274588e+02
2.547799619847939141e+02 7.403932573029211994e+01 1.339231992797118949e+02
2.547948279311724775e+02 7.482045818327330267e+01 1.344282412965186211e+02
2.547687675070027922e+02 7.351116446578630814e+01 1.332383253301320565e+02
2.547751800720288031e+02 7.429745898359344380e+01 1.338146658663465303e+02
2.547821828731492531e+02 7.477790116046418234e+01 1.342593437374949872e+02
2.547675070028011248e+02 7.165358143257303425e+01 1.319282312925170118e+02
2.547255102040816439e+02 6.451260504201680135e+01 1.283752100840336254e+02
2.546845538215286240e+02 6.268355342136855057e+01 1.271841036414565878e+02
2.546733793517406923e+02 6.247957182873149407e+01 1.273290416166466628e+02
2.546698479391756678e+02 6.232387955182073114e+01 1.272540116046418603e+02
2.546716886754701932e+02 6.369781912765105858e+01 1.280221288515406286e+02
2.546825530212084914e+02 6.383845538215285842e+01 1.285206282513005078e+02
2.547175470188075224e+02 6.493023209283713015e+01 1.291931472589035650e+02
2.547136354541816843e+02 6.767631052420968274e+01 1.306419467787114854e+02
2.547444577831132335e+02 6.784305722288915774e+01 1.312689875950380269e+02
2.547419167667066802e+02 6.822138855542216618e+01 1.315671768707483125e+02
2.547443577430972255e+02 6.883257302921168730e+01 1.317235294117647015e+02
2.547571828731492474e+02 6.902483993597438428e+01 1.320939575830332160e+02
2.547601540616246609e+02 6.918382352941176805e+01 1.319402360944377790e+02
2.547559023609443898e+02 6.971904761904761472e+01 1.321951580632252785e+02
2.547452480992396886e+02 7.049800920368147672e+01 1.324081232492997060e+02
2.547696578631452553e+02 7.189029611844738099e+01 1.332307222889155582e+02
2.547796918767506895e+02 7.258566426570628494e+01 1.333551420568227286e+02
2.548051920768307355e+02 7.276960784313725128e+01 1.335987094837935274e+02
2.548020408163265245e+02 7.333188275310124027e+01 1.332630752300920278e+02
2.547986394557823076e+02 7.278003201280512258e+01 1.327061624649859937e+02
2.547854441776710814e+02 7.320632252901160086e+01 1.330587334933973693e+02
2.547912765106042343e+02 7.321386554621848575e+01 1.328763005202080763e+02
2.547923069227691144e+02 7.358710484193677814e+01 1.333954581832733197e+02
2.547956582633053131e+02 7.452814125650260735e+01 1.336943677470988519e+02
2.547942276910764292e+02 7.363691476590636853e+01 1.330713685474189560e+02
2.547992396958783559e+02 7.379477791116445928e+01 1.329441776710684167e+02
2.548056722689075571e+02 7.450902360944377278e+01 1.333594737895158175e+02
2.547991696678671474e+02 7.503162264905962786e+01 1.336894057623049150e+02
2.547763305322128815e+02 7.385476190476190084e+01 1.329639155662264898e+02
2.547938975590236055e+02 7.411707683073228736e+01 1.331742396958783559e+02
2.547926670668267377e+02 7.457928171268507356e+01 1.333768507402961063e+02
2.547851640656262475e+02 7.420076030412164414e+01 1.331068427370948370e+02
2.547720688275310010e+02 7.093075230092037486e+01 1.313750400160064089e+02
2.547263705482192790e+02 6.518384353741497250e+01 1.284140656262505047e+02
2.547053321328531297e+02 6.377656062424969718e+01 1.275781212484994001e+02
2.547220388155262185e+02 6.430039015606242003e+01 1.282788015206082548e+02
2.547187174869947910e+02 6.454871948779511115e+01 1.287649459783913528e+02
2.547235894357743007e+02 6.608981592637054803e+01 1.295263505402161002e+02
2.547340636254501760e+02 6.688688475390155475e+01 1.303818127250900432e+02
2.547347539015606230e+02 6.771253501400559571e+01 1.309074129651860687e+02
2.547467687074829996e+02 6.758131252501000574e+01 1.310534313725490279e+02
2.547516406562625093e+02 6.901277511004401788e+01 1.318785914365746237e+02
2.547223989595838418e+02 6.911581632653060581e+01 1.318148659463785464e+02
2.547281612645058146e+02 6.945816326530612628e+01 1.323929371748699566e+02
2.547278311324529909e+02 6.967390956382553213e+01 1.326698779511804673e+02
2.547350440176070379e+02 7.028470388155261617e+01 1.330036814725890224e+02
2.547678771508603575e+02 7.152998199279711855e+01 1.335975390156062304e+02
2.548010804321728813e+02 7.221481592637054803e+01 1.342718487394957947e+02
2.547945978391356618e+02 7.238008203281312092e+01 1.344380152060824400e+02
2.547785514205682205e+02 7.280098039215685901e+01 1.349767807122849206e+02
2.547804521808723450e+02 7.199722889155661676e+01 1.345773509403761636e+02
2.547861244497799191e+02 7.220323129251700323e+01 1.344723789515806232e+02
2.547835534213685378e+02 7.183409363745498410e+01 1.342159063625450131e+02
2.547802821128451285e+02 7.225634253701480247e+01 1.341981192476990827e+02
2.547858543417366946e+02 7.334378751500599947e+01 1.350355942376950793e+02
2.547822328931572713e+02 7.399261704681872232e+01 1.355270908363345370e+02
2.547755602240896451e+02 7.273970588235293633e+01 1.343380952380952351e+02
2.547796418567426997e+02 7.324672869147659071e+01 1.351898159263705566e+02
2.547658563425370062e+02 7.365351140456182577e+01 1.351549819927971328e+02
2.547792717086834671e+02 7.418052220888355919e+01 1.356361044417767232e+02
2.547704781912765100e+02 7.403311324529812509e+01 1.352926970788315373e+02
2.547881352541016327e+02 7.289022609043617251e+01 1.346951680672268878e+02
2.547775810324129679e+02 7.253237294917967404e+01 1.341154861944777963e+02
2.547460884353741619e+02 6.982011804721888382e+01 1.330769807923169310e+02
2.547173469387755063e+02 6.621223489395758577e+01 1.310783313325330255e+02
2.547082733093237437e+02 6.507461984793917509e+01 1.304316426570628380e+02
2.547066726690676148e+02 6.562406962785114217e+01 1.306240396158463284e+02
2.547004001600640208e+02 6.586076430572228446e+01 1.308406062424969889e+02
2.547262705082032710e+02 6.630150060024008951e+01 1.316002701080432189e+02
2.547332332933173404e+02 6.886684673869547169e+01 1.331307022809123737e+02
2.547269007603041189e+02 6.968991596638655039e+01 1.334539415766306547e+02
2.547552821128451512e+02 7.000994397759103549e+01 1.337829031612644997e+02
2.547368547418967637e+02 6.995866346538615232e+01 1.336972989195678281e+02
2.547469087635053882e+02 7.028457382953180854e+01 1.342279011604641994e+02
2.547598739495798270e+02 7.129947979191676666e+01 1.348707382953181195e+02
2.547648659463785634e+02 7.185598239295718770e+01 1.347287915166066341e+02
2.547875450180071937e+02 7.224722889155661676e+01 1.352129151660664377e+02
2.547905262104841881e+02 7.354992997198878868e+01 1.350376050420167928e+02
2.547866146458583501e+02 7.438173269307722535e+01 1.348269807923169310e+02
2.548123149259703837e+02 7.541821728691476778e+01 1.344477490996398501e+02
2.547974389755902394e+02 7.628528411364546002e+01 1.338794917967186962e+02
2.548007803121248571e+02 7.510446178471389089e+01 1.323270808323329391e+02
2.548054121648659418e+02 7.561256502601040097e+01 1.317097839135654169e+02
2.547983793517406923e+02 7.589182673069227292e+01 1.311719687875149987e+02
2.547864545818327429e+02 7.611972789115645810e+01 1.302510804321728699e+02
2.548099339735894375e+02 7.597938175270108729e+01 1.299341536614645918e+02
2.548102641056422613e+02 7.647671068427371210e+01 1.292623149259704007e+02
2.548085134053621346e+02 7.654578831532613492e+01 1.294358643457382811e+02
2.548058523409363829e+02 7.752476990796319001e+01 1.302433373349339831e+02
2.548171468587434845e+02 7.701846738695478223e+01 1.301865646258503375e+02
2.548231492597038823e+02 7.717366946778712133e+01 1.304008703481392502e+02
2.548192276910764349e+02 7.757447979191677234e+01 1.306714685874349868e+02
2.548179671868747391e+02 7.675295118047219489e+01 1.304084733893557484e+02
2.548137655062024862e+02 7.656463585434173069e+01 1.304140156062424865e+02
2.547909863945578195e+02 7.249478791516607146e+01 1.281498899559823883e+02
2.547469987995198153e+02 6.654355742296918663e+01 1.255565826330532246e+02
2.547085134053621402e+02 6.497591036414566190e+01 1.244473289315726277e+02
2.546947879151660743e+02 6.477333933573429192e+01 1.243566126450580214e+02
2.546980392156862649e+02 6.547636054421768392e+01 1.252374049619847938e+02
2.547147559023609347e+02 6.783712484993998260e+01 1.267535214085634294e+02
2.547192476990796308e+02 6.812170868347338626e+01 1.271466586634653879e+02
2.547403861544617882e+02 6.985538215286113939e+01 1.280946878751500719e+02
2.547414165666266399e+02 6.995792316926770127e+01 1.285522308923569312e+02
2.547473889555822382e+02 7.024305722288914922e+01 1.285195778311324659e+02
2.547580732292917105e+02 7.080094037615046432e+01 1.286714885954381771e+02
2.547597539015606287e+02 7.093340336134453139e+01 1.291629551820728352e+02
2.547564425770308105e+02 7.114661864745897901e+01 1.291495398159263743e+02
2.547768107242897031e+02 7.222551020408162969e+01 1.296206482593037208e+02
2.547748799519807790e+02 7.311258503401360542e+01 1.300952781112445109e+02
2.547736794717887108e+02 7.345334133653462061e+01 1.297594537815126046e+02
2.547865146058423420e+02 7.424344737895158630e+01 1.302743297318927489e+02
2.547879851940776348e+02 7.489856942777110760e+01 1.305420768307322987e+02
2.547832432973189327e+02 7.561359543817526685e+01 1.308365346138455436e+02
2.547959583833533372e+02 7.648290316126450250e+01 1.312432172869147564e+02
2.547983293317327025e+02 7.460752300920367475e+01 1.300283413365346235e+02
2.547969287715085898e+02 7.462575030012004618e+01 1.296358143257302800e+02
2.547907062825130140e+02 7.553707482993196720e+01 1.307210084033613384e+02
2.547925170068027114e+02 7.629147659063625042e+01 1.316263305322128758e+02
2.547910464185674186e+02 7.709886954781913460e+01 1.320132352941176350e+02
2.548134253701480532e+02 7.626411564625850303e+01 1.316519307723089298e+02
2.548065226090436113e+02 7.609171668667467259e+01 1.313027811124449897e+02
2.548137855142056765e+02 7.692226890756302282e+01 1.318269507803121314e+02
2.548087034813925698e+02 7.802219887955182287e+01 1.321983493397358984e+02
2.548013905562224863e+02 7.631739695878351881e+01 1.310803021208483301e+02
2.547803121248499281e+02 7.115352140856342089e+01 1.285085334133653419e+02
2.547352841136454629e+02 6.679542817126851162e+01 1.262314025610244101e+02
2.547115746298519525e+02 6.475628251300520333e+01 1.248813925570228065e+02
2.546765206082432940e+02 6.296347539015606287e+01 1.230751000400160109e+02
2.547094037615046034e+02 6.545164065626249794e+01 1.241754301720688289e+02
2.547021108443377386e+02 6.824488795518207951e+01 1.245522308923569454e+02
2.547329931972789154e+02 6.924322729091636575e+01 1.245130652260904327e+02
2.547357543017206751e+02 7.154831932773109315e+01 1.249556522609043583e+02
2.547272008803521430e+02 7.193640456182473031e+01 1.239925770308123276e+02
2.547396858743497319e+02 7.221058423369348134e+01 1.239603341336534612e+02
2.547461684673869513e+02 7.192635054021609164e+01 1.229917767106842774e+02
2.547711384553821574e+02 7.221230492196879425e+01 1.220291016406562647e+02
2.547798619447779060e+02 7.314539815926370636e+01 1.217513605442176896e+02
2.547782613045218056e+02 7.388453381352540816e+01 1.228034413765506230e+02
2.547823129251700607e+02 7.427512004801920398e+01 1.237352541016406633e+02
2.547946778711484512e+02 7.591962785114046142e+01 1.249492797118847562e+02
2.548224589835934353e+02 7.706119447779111908e+01 1.260733093237294895e+02
2.548209083633453247e+02 7.722072829131653293e+01 1.261732292917166802e+02
2.548189475790316010e+02 7.785481192476990486e+01 1.273657062825130026e+02
2.548116946778711451e+02 7.668469387755102673e+01 1.265659463785514163e+02
2.547979791916766601e+02 7.608742496998799254e+01 1.266414065626250505e+02
2.547907963185274127e+02 7.626171468587435243e+01 1.269260204081632679e+02
2.547973889555822211e+02 7.684974989995998840e+01 1.270391556622649034e+02
2.547934973989595733e+02 7.583241296518608010e+01 1.272557923169267724e+02
2.547923269307723046e+02 7.624294717887154604e+01 1.274701580632252842e+02
2.547844037615045920e+02 7.694229691876751076e+01 1.277312224889955985e+02
2.547925270108043208e+02 7.792676070428171897e+01 1.288279011604641937e+02
2.547835634253701471e+02 7.658268307322929047e+01 1.280243397358943582e+02
2.547563425370148025e+02 6.851044417767106154e+01 1.233150960384153620e+02
2.547188075230091897e+02 6.438287314925970861e+01 1.217238395358143208e+02
2.546881952781112375e+02 6.359010604241696996e+01 1.212525110044017538e+02
2.546852140856342430e+02 6.387644057623049321e+01 1.215215186074429710e+02
2.547053121248499394e+02 6.626425570228090578e+01 1.235949779911964725e+02
2.547117947178871589e+02 6.710013005202080194e+01 1.240517607042817190e+02
2.547170668267307008e+02 6.963078231292516307e+01 1.259406062424969974e+02
2.547261804721888723e+02 7.044211684673869911e+01 1.262957783113245256e+02
2.547216886754701761e+02 7.085022008803521487e+01 1.264081932773109287e+02
2.547396658663465416e+02 7.053500400160064032e+01 1.266530212084833948e+02
2.547271908763505337e+02 7.147963185274109321e+01 1.273446778711484626e+02
2.547300720288115201e+02 7.203722488995597928e+01 1.275496698679471734e+02
2.547482693077230920e+02 7.182394957983193251e+01 1.273605242096838737e+02
2.547572128851540754e+02 7.481516606642657052e+01 1.292038115246098471e+02
2.547541816726690627e+02 7.558075230092036634e+01 1.294889255702281048e+02
2.547738395358143180e+02 7.638404361744697724e+01 1.291954881952781022e+02
2.547814225690275975e+02 7.718591436574629938e+01 1.291640656262505047e+02
2.547742496998799595e+02 7.616555622248900193e+01 1.266666166466586674e+02
2.547755902360944447e+02 7.659042617046819146e+01 1.262427571028411393e+02
2.547799419767907239e+02 7.688469387755101536e+01 1.255536414565826391e+02
2.547720688275310010e+02 7.646372549019608300e+01 1.238836834733893539e+02
2.547819227691076378e+02 7.523768507402961347e+01 1.227820128051220507e+02
2.547792517006802768e+02 7.562751100440175378e+01 1.220384553821528613e+02
2.547519307723089241e+02 7.501273509403760897e+01 1.209495798319327662e+02
2.547687374949979926e+02 7.585946378551420821e+01 1.210924869947979232e+02
2.547715486194477705e+02 7.509140656262505331e+01 1.203695978391356505e+02
2.547366546618647476e+02 7.000458183273309487e+01 1.182099839935974330e+02
2.547019107643057225e+02 6.423397358943577728e+01 1.159658663465386184e+02
2.546790716286514566e+02 6.348876550620248338e+01 1.157206582633053245e+02
2.546840636254501931e+02 6.431315526210484279e+01 1.166765106042416988e+02
2.547091036414565792e+02 6.739151660664265364e+01 1.190335034013605480e+02
2.547130152060824457e+02 7.012423969587834449e+01 1.212263905562224835e+02
2.547295118047218807e+02 7.117423969587835586e+01 1.220970188075230141e+02
2.547563825530212114e+02 7.249031612645057976e+01 1.238079231692677098e+02
2.547663365346138562e+02 7.242422969187674653e+01 1.238192977190876292e+02
2.547703081232492934e+02 7.364039615846338904e+01 1.244047418967587078e+02
2.547752901160464205e+02 7.306371548619448220e+01 1.243456682673069196e+02
2.547409763905562272e+02 7.202941176470588402e+01 1.235739395758303374e+02
2.547566626650660169e+02 7.268643457382952988e+01 1.245310924369747880e+02
2.547553321328531410e+02 7.353775510204081911e+01 1.251783813525410096e+02
2.547654361744697837e+02 7.709601840736294776e+01 1.272381452581032448e+02
2.547715786314525701e+02 7.773393357342936838e+01 1.275894257703081252e+02
2.548054921968787596e+02 7.934620848339335453e+01 1.289509803921568505e+02
2.548149259703881455e+02 7.956908763505401794e+01 1.285562224889955871e+02
2.548319527811124487e+02 7.961979791916766658e+01 1.288609243697478917e+02
2.548146658663465303e+02 7.884847939175669751e+01 1.285076630652260974e+02
2.548077531012405075e+02 7.947104841936774733e+01 1.286486994797919294e+02
2.548326930772308856e+02 7.945639255702280934e+01 1.284780312124850070e+02
2.547659563825530142e+02 7.177715086034413616e+01 1.237107843137254832e+02
2.547047018807523102e+02 6.596752701080431791e+01 1.201445078031212432e+02
2.546737695078031152e+02 6.375882352941176379e+01 1.193462184873949639e+02
2.546358743497399075e+02 6.238402360944377989e+01 1.183192176870748256e+02
2.546825330132052727e+02 6.618100240096038078e+01 1.207793017206882809e+02
2.547273409363745600e+02 7.094819927971188633e+01 1.241060324129651917e+02
2.547513905562224750e+02 7.338436374549820584e+01 1.254026310524209720e+02
2.547735394157662938e+02 7.287588035214085380e+01 1.250476490596238506e+02
2.547775210084033688e+02 7.273372348939575716e+01 1.249458783513405393e+02
2.547411564625850247e+02 7.222183873549420241e+01 1.249359343737495038e+02
2.547277310924369829e+02 7.196511604641857218e+01 1.245665166066426508e+02
2.547407262905161929e+02 7.199421768707483693e+01 1.244732292917166916e+02
2.547451880752300895e+02 7.312381952781112204e+01 1.246744097639055582e+02
2.547480492196878856e+02 7.481384553821528982e+01 1.253949279711884799e+02
2.547561524609843957e+02 7.554972989195678679e+01 1.256916666666666629e+02
2.547447979191676666e+02 7.590036014405762899e+01 1.255669767907162822e+02
2.547511204481792788e+02 7.698984593837535328e+01 1.256764905962384944e+02
2.547747098839535909e+02 7.903703481392557251e+01 1.269687374949979954e+02
2.547844837935174098e+02 7.968944577831132392e+01 1.269015906362544968e+02
2.547799619847939141e+02 7.842729091636654459e+01 1.264741396558623450e+02
2.547911364545818458e+02 7.786468587434974609e+01 1.260843837535013989e+02
2.547536314525810326e+02 7.309737895158063736e+01 1.232072629051620680e+02
2.547019707883153217e+02 6.738797519007603398e+01 1.201647458983593424e+02
2.546169367747098704e+02 6.325779311724689791e+01 1.180880052020808364e+02
2.546271508603441305e+02 6.397008803521408282e+01 1.185539015606242543e+02
2.546701980792316817e+02 6.811779711884753397e+01 1.213643057222889183e+02
2.547047418967586907e+02 7.011555622248899056e+01 1.225888555422168906e+02
2.547457783113245284e+02 7.361105442176871350e+01 1.252158063225290050e+02
2.547457282913165386e+02 7.520379151660664263e+01 1.263733793517406951e+02
2.547514905962384830e+02 7.536834733893557825e+01 1.259796818727490972e+02
2.547640656262504990e+02 7.449068627450979818e+01 1.254595938375350102e+02
2.547616446578631439e+02 7.435333133253301696e+01 1.256329531812725122e+02
2.547396458583433514e+02 7.426907763105242566e+01 1.257843437374949929e+02
2.547512605042016673e+02 7.454328731492597626e+01 1.258332533013205250e+02
2.547627751100440037e+02 7.515216086434573128e+01 1.257644857943177215e+02
2.547742496998799595e+02 7.681086434573829536e+01 1.264961984793917509e+02
2.547893657462985288e+02 7.890195078031212006e+01 1.273739595838335390e+02
2.547921668667466975e+02 8.068768507402961632e+01 1.285481592637054860e+02
2.548213185274109662e+02 8.185377150860344386e+01 1.292905562224889877e+02
2.547904761904761983e+02 8.136083433373349294e+01 1.284523709483793539e+02
2.548058423369347736e+02 8.150595238095237960e+01 1.279663065226090453e+02
2.547680572228891549e+02 7.360229091636654175e+01 1.241563525410164033e+02
2.546766206482593020e+02 6.633298319327731463e+01 1.203614645858343408e+02
2.546278211284513873e+02 6.212722088835533896e+01 1.175446778711484654e+02
2.546181372549019670e+02 6.275709283713485576e+01 1.182631752701080501e+02
2.546295818327330949e+02 6.693210284113645514e+01 1.206853741496598644e+02
2.546916866746698815e+02 7.183778511404561584e+01 1.236320428171268446e+02
2.547337334933973523e+02 7.633071228491397164e+01 1.262240996398559361e+02
2.547680572228891549e+02 8.231982793117246899e+01 1.292677370948379405e+02
2.547945978391356618e+02 8.446913765506202765e+01 1.304174969987995212e+02
2.547975490196078567e+02 8.283723489395758577e+01 1.293323129251700720e+02
2.547923669467787136e+02 8.062680072028811651e+01 1.279106542617046784e+02
2.547493297318927432e+02 7.749392757102840790e+01 1.259331732693077299e+02
2.547188275310124084e+02 7.669410764305722239e+01 1.255192877150860369e+02
2.547433873549419729e+02 7.889232693077231318e+01 1.266338235294117709e+02
2.547662464985994291e+02 8.209220688275310351e+01 1.280039515806322470e+02
2.547679971988795558e+02 8.426057422969188337e+01 1.287220888355342083e+02
2.547634353741496511e+02 8.456138455382152586e+01 1.273671768707482954e+02
2.547839635854341793e+02 8.672231892757102401e+01 1.277298219287715142e+02
2.547767507002801040e+02 8.726979791916767226e+01 1.265272709083633487e+02
2.547495098039215691e+02 8.449849939975990765e+01 1.231072228891556648e+02
2.546902661064425786e+02 7.331275510204081058e+01 1.161888255302120854e+02
2.546104541816726794e+02 6.308494397759103833e+01 1.097340936374549756e+02
2.545551620648259359e+02 5.927348939575830400e+01 1.069866846738695472e+02
2.545408463385354025e+02 5.854008603441376835e+01 1.054521708683473378e+02
2.545612244897959044e+02 6.335519207683073262e+01 1.074519607843137265e+02
2.546500200080031959e+02 7.126352541016406406e+01 1.115394957983193223e+02
2.546878151260504239e+02 7.684235694277711559e+01 1.153407763105242054e+02
2.547278011204481913e+02 7.889472789115646378e+01 1.163886754701880761e+02
2.547344637855142082e+02 7.878444377751100092e+01 1.167847539015606202e+02
2.547201180472188753e+02 7.635971388555422834e+01 1.153893757503001183e+02
2.547077631052420941e+02 7.303428371348539372e+01 1.144674469787915143e+02
2.546969287715085954e+02 7.380206082432972892e+01 1.149558623449379695e+02
2.546660164065626191e+02 7.532538015206083060e+01 1.161109843937575050e+02
2.546899359743897548e+02 7.701791716686675215e+01 1.171089835934373724e+02
2.546956482593037094e+02 7.914770908363345825e+01 1.182580932372949150e+02
2.547008803521408424e+02 8.126693677470989030e+01 1.199387555022008769e+02
2.547152961184473838e+02 8.216918767507003452e+01 1.205735694277711048e+02
2.547204581832733084e+02 8.369210684273708978e+01 1.217830932372949206e+02
2.547127250900360025e+02 8.276119447779112193e+01 1.211752601040416124e+02
2.546684673869547737e+02 6.902995198079231898e+01 1.136946478591436573e+02
2.545198179271708625e+02 5.769665866346538508e+01 1.075357442977190914e+02
2.544763105242096799e+02 5.596613645458183584e+01 1.074328531412565013e+02
2.544778411364545718e+02 5.548165266106442317e+01 1.072836034413765560e+02
2.545210784313725583e+02 6.190565226090436113e+01 1.109602340936374532e+02
2.546204981992797229e+02 6.859390756302521197e+01 1.155899459783913557e+02
2.546977090836334412e+02 7.659380752300920392e+01 1.203832833133253359e+02
2.547285114045618286e+02 7.879999999999999716e+01 1.215543617446978857e+02
2.547414265706282492e+02 7.878950580232093159e+01 1.217462985194077589e+02
2.547212585034013728e+02 7.694869947979191238e+01 1.210857242897158841e+02
2.547170368147259012e+02 7.361967787114845407e+01 1.194923969587835160e+02
2.546867647058823536e+02 7.292070828331333132e+01 1.189019807923169338e+02
2.546617547018807386e+02 7.360307122849140171e+01 1.190868347338935536e+02
2.546916566626650535e+02 7.525746298519408128e+01 1.201402460984393770e+02
2.546900260104041536e+02 7.767658063225290732e+01 1.209327631052421026e+02
2.547237194877951083e+02 8.026078431372549460e+01 1.227482492997198875e+02
2.547319627851140353e+02 8.184458783513404967e+01 1.234591836734693828e+02
2.547324329731892760e+02 8.234617847138855495e+01 1.241957282913165272e+02
2.547060324129651860e+02 7.389854941976790315e+01 1.194692977190876348e+02
2.545737294917967120e+02 6.249417767106842803e+01 1.137176870748299251e+02
2.544791216486594578e+02 5.639238695478191232e+01 1.101631952781112460e+02
2.544544417767106950e+02 5.615555222088835308e+01 1.102241696678671445e+02
2.544552721088435305e+02 5.729034613845538360e+01 1.109321028411364551e+02
2.545242797118847591e+02 6.347534013605442027e+01 1.146497498999599856e+02
2.546039815926370409e+02 7.087195878351340639e+01 1.192260704281712691e+02
2.546552621048419383e+02 7.345680272108843667e+01 1.208772208883553390e+02
2.546914465786314565e+02 7.518679471788715318e+01 1.217100340136054371e+02
2.546915466186474646e+02 7.448928571428571388e+01 1.221921768707482983e+02
2.546934773909563887e+02 7.294519807923168742e+01 1.214891056422569022e+02
2.546704881952781250e+02 7.221390556222489465e+01 1.212372549019607817e+02
2.546623549419767869e+02 7.114345738295318711e+01 1.209168067226890741e+02
2.546691476590636114e+02 7.337707082833132688e+01 1.216917867146858754e+02
2.546892356942776985e+02 7.450698279311724548e+01 1.225964585834333747e+02
2.546939775910364006e+02 7.688616446578630814e+01 1.241163065226090367e+02
2.547043917567026767e+02 7.958382352941175952e+01 1.249553021208483443e+02
2.547457182873149293e+02 8.116938775510203641e+01 1.259344937975190106e+02
2.547005102040816382e+02 7.477989195678271983e+01 1.225252601040416209e+02
2.546354541816726567e+02 6.402728091236494379e+01 1.173006502601040353e+02
2.545714285714285836e+02 6.001323529411764923e+01 1.150753701480592213e+02
2.545229891956782637e+02 5.815720288115245751e+01 1.140840336134453850e+02
2.545353441376550734e+02 6.149667867146858669e+01 1.156676770708283328e+02
2.545837234893957657e+02 6.548425370148059699e+01 1.184171268507403028e+02
2.546408863545418058e+02 7.000929371748699737e+01 1.212650860344137698e+02
2.546715986394557945e+02 7.420794317727090572e+01 1.234750800320128121e+02
2.546831332533013210e+02 7.431243497398959619e+01 1.241321028411364580e+02
2.546884053621448629e+02 7.304873949579831560e+01 1.233944377751100490e+02
2.546821428571428498e+02 7.209366746698680117e+01 1.226515206082433025e+02
2.546569327731092471e+02 7.215945378151261025e+01 1.224903561424569887e+02
2.546845038015206057e+02 7.310201080432172205e+01 1.231565926370548283e+02
2.546882052821128468e+02 7.353581432573028565e+01 1.241212785114045687e+02
2.546989095638255378e+02 7.479652861144457177e+01 1.249267206882753101e+02
2.547197979191676609e+02 7.708994597839135565e+01 1.260820928371348515e+02
2.547308523409363659e+02 7.938928571428571956e+01 1.273392557022809086e+02
2.547385854341736717e+02 7.740011004401760886e+01 1.259425570228091260e+02
2.547264505802320969e+02 6.955503201280512826e+01 1.221549919967987137e+02
2.545938275310124084e+02 6.264369747899159790e+01 1.185704581832733027e+02
2.545760204081632594e+02 5.878735494197679401e+01 1.161674169667867176e+02
2.545786614645858208e+02 5.992675070028010964e+01 1.159382853141256504e+02
2.545774809923969713e+02 6.399068627450980529e+01 1.175095238095238130e+02
2.546200880352140814e+02 6.881208483393356801e+01 1.195966886754701903e+02
2.546742296918767465e+02 7.387540016006403221e+01 1.213189175670268156e+02
2.547112144857943292e+02 7.510255102040815700e+01 1.211981692677070868e+02
2.547106842737094894e+02 7.373951580632252956e+01 1.197459983993597490e+02
2.546803421368547333e+02 7.260977390956382749e+01 1.181073829531812720e+02
2.546840036014405655e+02 7.249501800720288713e+01 1.172074029611844708e+02
2.546849439775910469e+02 7.077824129651860119e+01 1.158901560624249640e+02
2.546829231692676956e+02 7.199112645058022508e+01 1.154722488995598297e+02
2.547072428971588636e+02 7.544003601440576290e+01 1.165365146058423420e+02
2.547175370148059130e+02 7.621697679071628784e+01 1.166944277711084368e+02
2.547176670668267207e+02 7.630345138055221810e+01 1.162040116046418632e+02
2.547046618647459013e+02 7.552417967186875103e+01 1.143782613045218142e+02
2.547218887555021922e+02 7.683390356142456312e+01 1.146841036414565878e+02
2.547106242496998902e+02 7.348019207683073262e+01 1.121247699079631843e+02
2.546477991196478570e+02 6.475045018007202202e+01 1.071981792717086819e+02
2.545980692276910702e+02 5.862119847939175799e+01 1.030984093637455032e+02
2.545319127651060285e+02 5.766253501400560566e+01 1.023580632252901097e+02
2.545363445378151255e+02 5.891391556622649261e+01 1.023264805922368907e+02
2.546037014805922354e+02 6.532436974789915496e+01 1.070805122048819555e+02
2.546511604641856650e+02 7.034961984793918077e+01 1.105649659863945544e+02
2.547052721088435305e+02 7.282460984393757997e+01 1.124517507002801153e+02
2.547320828331332621e+02 7.284172669067626771e+01 1.130620248099239689e+02
2.547354741896758696e+02 7.307924169667866465e+01 1.138998399359743843e+02
2.547229791916766715e+02 7.075576230492197283e+01 1.129282412965186069e+02
2.547234993997599020e+02 7.053344337735093461e+01 1.132968187274910008e+02
2.547086534613845572e+02 7.045616246498599367e+01 1.139496598639455840e+02
2.547165766306522698e+02 7.164794917967186905e+01 1.146960984393757457e+02
2.547396958783513412e+02 7.373257302921167877e+01 1.162530912364945976e+02
2.547308323329331756e+02 7.574236694677871640e+01 1.172536614645858322e+02
2.547580832332933198e+02 7.665252100840335459e+01 1.165702380952380963e+02
2.547555422168867665e+02 7.836409563825530711e+01 1.169194077631052409e+02
2.547305422168867608e+02 8.006220488195278051e+01 1.167690876350540208e+02
2.547430572228891492e+02 7.816756702681072966e+01 1.150973689475790280e+02
2.546954081632653129e+02 7.001241496598639458e+01 1.102319627851140496e+02
2.545855142056822729e+02 6.298818527410964663e+01 1.055175270108043151e+02
2.545678371348539315e+02 5.871089435774310061e+01 1.031753601440576205e+02
2.545502801120448169e+02 5.910627250900360252e+01 1.023792216886754716e+02
2.545638455382152756e+02 6.077623049219688056e+01 1.034326030412164812e+02
2.546544817927170925e+02 6.745227090836334582e+01 1.084186274509803951e+02
2.547003001200480128e+02 7.211055422168867324e+01 1.121127851140456215e+02
2.547026010404161696e+02 7.252229891956783092e+01 1.125894757903161292e+02
2.547093037214885953e+02 7.155988395358143350e+01 1.125459483793517421e+02
2.547051020408163140e+02 7.132086834733892999e+01 1.129257503001200433e+02
2.546913365346138391e+02 7.099065626250499861e+01 1.135128751500600259e+02
2.547398959583833573e+02 7.118111244497799817e+01 1.141015306122449005e+02
2.547264605842337062e+02 7.209938975590236510e+01 1.148396758703481453e+02
2.547099139655862245e+02 7.345789315726290170e+01 1.158147959183673521e+02
2.547666366546618519e+02 7.448771508603441305e+01 1.172308323329331756e+02
2.547662264905962388e+02 7.622805122048819726e+01 1.180672468987595067e+02
2.547583233293317448e+02 7.787522008803522056e+01 1.193679171668667465e+02
2.547700280112044879e+02 7.897988195278111334e+01 1.201620848339335765e+02
2.547631152460984367e+02 7.788866546618648101e+01 1.200039815926370608e+02
2.547634153661464609e+02 7.856080432172869621e+01 1.199948779511804702e+02
2.547552120848339428e+02 7.548648459383753107e+01 1.182912164865946352e+02
2.546698579431772771e+02 6.650774309723890099e+01 1.138386554621848745e+02
2.545801520608243322e+02 6.085799319727890833e+01 1.103525510204081570e+02
2.545609543817527083e+02 5.967888155262104988e+01 1.103801320528211249e+02
2.545223689475790252e+02 5.878384353741496682e+01 1.098498999599840005e+02
2.545666666666666629e+02 6.365677270908363283e+01 1.127049019607843121e+02
2.546370048019207672e+02 6.854837935174069230e+01 1.164077330932372973e+02
2.547243997599039744e+02 7.329228691476590996e+01 1.190886654661864696e+02
2.547240596238495414e+02 7.565775310124050179e+01 1.201323629451780732e+02
2.547144157663065300e+02 7.302033813525410721e+01 1.195204781912765100e+02
2.547038615446178369e+02 7.193946578631452837e+01 1.189265706282512980e+02
2.546911864745898413e+02 7.133006202480991931e+01 1.179723389355742285e+02
2.546973989595838361e+02 7.161493597438975200e+01 1.186579631852741130e+02
2.546950280112044709e+02 7.215257102841135861e+01 1.187221188475390221e+02
2.547135254101640669e+02 7.348866546618647533e+01 1.192730992396958811e+02
2.547193477390956389e+02 7.540458183273308634e+01 1.205096838735494202e+02
2.547425470188075280e+02 7.712290916366546867e+01 1.211658963585434208e+02
2.547421768707482954e+02 7.814916966786714170e+01 1.212807322929171647e+02
2.547530512204882029e+02 7.848763505402160945e+01 1.212625050020007933e+02
2.547498699479791924e+02 7.662668067226890400e+01 1.201318027210884338e+02
2.547256502601040324e+02 7.624719887955181719e+01 1.191498099239695847e+02
2.547100140056022326e+02 7.213416366546618974e+01 1.168406262505001934e+02
2.546282513005202190e+02 6.242681072428971589e+01 1.115296118447379001e+02
2.545837735094037555e+02 5.822629051620648255e+01 1.091288615446178483e+02
2.545325930372148946e+02 5.711990796318527686e+01 1.082649459783913528e+02
2.545283013205282145e+02 5.989336734693877418e+01 1.099639655862344938e+02
2.546108943577430921e+02 6.417544017607042406e+01 1.130719587835134092e+02
2.546419467787114854e+02 6.928064225690276601e+01 1.164067827130852351e+02
2.546838935574229765e+02 7.156168467386955001e+01 1.179112645058023219e+02
2.547179071628651457e+02 7.277856142456982980e+01 1.187663265306122469e+02
2.546961784713885493e+02 7.172515006002400639e+01 1.184411764705882320e+02
2.546931372549019557e+02 7.098119247699079892e+01 1.180600340136054456e+02
2.546845738295318142e+02 7.101785714285713880e+01 1.181562124849940005e+02
2.546919867947178773e+02 7.195367146858743013e+01 1.187839235694277704e+02
2.547006602641056361e+02 7.381844737895157493e+01 1.192905962384953966e+02
2.547233493397359041e+02 7.555846338535414475e+01 1.209812825130051976e+02
2.547490496198479377e+02 7.667808123249299967e+01 1.218791416566626680e+02
2.547634153661464609e+02 7.776963785514205085e+01 1.225225390156062417e+02
2.547559023609443898e+02 7.936381552621048741e+01 1.234510904361744679e+02
2.547594337735094143e+02 7.924945978391356505e+01 1.232583133253301355e+02
2.547874449779911856e+02 7.966617647058824048e+01 1.234407462985194144e+02
2.547764605842336891e+02 7.886480592236894438e+01 1.225922569027611075e+02
2.547414165666266399e+02 6.998769507803120860e+01 1.189586034413765532e+02
2.545843437374950042e+02 6.278867547018807471e+01 1.150260304121648716e+02
2.545560224089635994e+02 5.795194077631052210e+01 1.122957583033213353e+02
2.545584133653461265e+02 5.821688675470188201e+01 1.127046718687474964e+02
2.545629351740696222e+02 6.250072028811524660e+01 1.147636754701880761e+02
2.546238595438175309e+02 6.734894957983193819e+01 1.177166966786714681e+02
2.546556522609043611e+02 7.160245098039216316e+01 1.200142857142857196e+02
2.546675770308123390e+02 7.280126050420167871e+01 1.209212184873949525e+02
2.546934573829531701e+02 7.221517607042817133e+01 1.202977490996398586e+02
2.546991296518607442e+02 7.127932172869147109e+01 1.200137555022008797e+02
2.546932973189275629e+02 7.032156862745098636e+01 1.192906962785114047e+02
2.546931872749099739e+02 7.035315126050420531e+01 1.185274909963985550e+02
2.546962685074029480e+02 7.144028611444578303e+01 1.188710084033613441e+02
2.546997899159663916e+02 7.265645258103241133e+01 1.195803221288515346e+02
2.547286514605842456e+02 7.402886154461785395e+01 1.202853241296518547e+02
2.547483493397358814e+02 7.578006202480992215e+01 1.212512605042016816e+02
2.547499499799920102e+02 7.657420968387354776e+01 1.215876950780312171e+02
2.547752000800320218e+02 7.739793917567027393e+01 1.217046918767507009e+02
2.547697579031612634e+02 7.739991996798718787e+01 1.215709483793517336e+02
2.547663165266106375e+02 7.852860144057622449e+01 1.216784913965586270e+02
2.547744197679071760e+02 7.668409363745497842e+01 1.207437474989995962e+02
2.546775810324129736e+02 6.823927571028411876e+01 1.161245998399359678e+02
2.545897058823529449e+02 5.999163665466186757e+01 1.116373049219687914e+02
2.545626550620248167e+02 5.739744897959183589e+01 1.100943477390956389e+02
2.545431272509003691e+02 5.740274109643857514e+01 1.100481092436974819e+02
2.545967486994798037e+02 5.965124049619848279e+01 1.113656662665066079e+02
2.546455382152861091e+02 6.622536014405761762e+01 1.150079331732693078e+02
2.546932472989195730e+02 7.077606042416967114e+01 1.176410364145658320e+02
2.547052921168467492e+02 7.229606842737095462e+01 1.182046418567426969e+02
2.547060624249699856e+02 7.181774709883953278e+01 1.178712284913965647e+02
2.546979891956782751e+02 7.048436374549820016e+01 1.167145258103241332e+02
2.547045318127250937e+02 6.986961784713885493e+01 1.169217687074829968e+02
2.547005802320928467e+02 6.951391556622648693e+01 1.165058423369347764e+02
2.546837935174069685e+02 7.031235494197679259e+01 1.168072328931572628e+02
2.546846638655462129e+02 7.228784513805521783e+01 1.182009103641456562e+02
2.547079831932773004e+02 7.427833133253301412e+01 1.194484793917567060e+02
2.547331332533013324e+02 7.517777110844338040e+01 1.198410164065626304e+02
2.547222488995598155e+02 7.617581032412965669e+01 1.202700280112044879e+02
2.547357643057222845e+02 7.765943377350940580e+01 1.209898059223689444e+02
2.547306222488995502e+02 7.742018807523008661e+01 1.208335034013605451e+02
2.547350140056022383e+02 7.839940976390556671e+01 1.212296318527410932e+02
2.547389455782312950e+02 7.894764905962385626e+01 1.214352140856342572e+02
2.546857142857142833e+02 6.965578231292516875e+01 1.165323629451780647e+02
2.546005402160864435e+02 5.915982392957182867e+01 1.107211584633853505e+02
2.545682172869147735e+02 5.686046418567426741e+01 1.093175670268107211e+02
2.545314225690275975e+02 5.697583033213285120e+01 1.093603341336534669e+02
2.545453781512605076e+02 5.846074429771908854e+01 1.105544117647058755e+02
2.545731692677070725e+02 6.385215086034413901e+01 1.140250400160064004e+02
2.546418767507002769e+02 6.896618647458983276e+01 1.170071728691476522e+02
2.546972889155662187e+02 7.193878551420567646e+01 1.184394357743097288e+02
2.547112444977991288e+02 7.138586434573829820e+01 1.184777811124449727e+02
2.546719687875149987e+02 7.003912565026010384e+01 1.174292717086834728e+02
2.546566626650660226e+02 6.654253701480591587e+01 1.155268007202881222e+02
2.546505902360944447e+02 6.657616046418567635e+01 1.158312925170068013e+02
2.546423069227691087e+02 6.721176470588235929e+01 1.158687474989995962e+02
2.546514405762304989e+02 6.854866946778712133e+01 1.169250600240096105e+02
2.546830632252901125e+02 7.231196478591436971e+01 1.194044817927170925e+02
2.546934173669467896e+02 7.356007402961184027e+01 1.199431272509003605e+02
2.547066926770708335e+02 7.435687274909963662e+01 1.205178571428571388e+02
2.547155962384954080e+02 7.435461184473788876e+01 1.201893657462985203e+02
2.547083733493397233e+02 7.582891156462585514e+01 1.211768407362945226e+02
2.547303121248499451e+02 7.488419367747098931e+01 1.201300420168067262e+02
2.546480692276910816e+02 6.744398759503800989e+01 1.163014205682272859e+02
2.545565326130452206e+02 5.889032613045218056e+01 1.118754301720688318e+02
2.545233693477391057e+02 5.589560824329731759e+01 1.103918667466986818e+02
2.545243197278911680e+02 5.590875350140056099e+01 1.102195878351340497e+02
2.544973389355742199e+02 5.731988795518207525e+01 1.110245098039215748e+02
2.545585434173669341e+02 6.070745298119247479e+01 1.136549319727891145e+02
2.546016006402560947e+02 6.557637054821928757e+01 1.165380852340936428e+02
2.546694077631052551e+02 6.913541416566626197e+01 1.186255802320928439e+02
2.546849939975990367e+02 6.848179271708683302e+01 1.180325430172068764e+02
2.546703181272509084e+02 6.740414165666265944e+01 1.173351440576230544e+02
2.546682673069227576e+02 6.738593437374950668e+01 1.176179671868747505e+02
2.546734393757502914e+02 6.771135454181673197e+01 1.178545618247298989e+02
2.546577731092436920e+02 6.799077631052421111e+01 1.179940076030412115e+02
2.546799819927971100e+02 6.925333133253300844e+01 1.185577831132452928e+02
2.546712484993997521e+02 7.171003401360543705e+01 1.197931772709083589e+02
2.547018207282913238e+02 7.299963985594237670e+01 1.201197078831532679e+02
2.547026410564225785e+02 7.383633453381352751e+01 1.214019307723089298e+02
2.546959383753501527e+02 7.496271508603440736e+01 1.219274609843937611e+02
2.547236994797919181e+02 7.624539815926370068e+01 1.223923369347739083e+02
2.547311324529811998e+02 7.406070428171268816e+01 1.211097939175670319e+02
2.546436074429771850e+02 6.636886754701880875e+01 1.165204181672669108e+02
2.545707883153261264e+02 5.896832733093237522e+01 1.129020308123249237e+02
2.545079031612644940e+02 5.602521008403361691e+01 1.112614145658263283e+02
2.544878651460584251e+02 5.371570628251300406e+01 1.100260304121648716e+02
2.545325630252100950e+02 5.642483993597438996e+01 1.114597639055622267e+02
2.545531512605041939e+02 5.968992597038815262e+01 1.136958883553421344e+02
2.545679171668667493e+02 6.316462585034013699e+01 1.162117947178871589e+02
2.546276310524209805e+02 6.655696278511405239e+01 1.183844037615046005e+02
2.546398859543817537e+02 6.643191276510604837e+01 1.181781212484993944e+02
2.546384553821528698e+02 6.559204681872749632e+01 1.179405262104841938e+02
2.546445578231292473e+02 6.543165266106441891e+01 1.182368547418967637e+02
2.546440876350540350e+02 6.599396758703481680e+01 1.177179371748699452e+02
2.546532312925170061e+02 6.666122448979591297e+01 1.184810324129651917e+02
2.546637955182072801e+02 6.748724489795918657e+01 1.186224289715886329e+02
2.546750300120048109e+02 7.014736894757902519e+01 1.201708383353341389e+02
2.546593537414966022e+02 6.923536414565826647e+01 1.190894757903161292e+02
2.546795618247298876e+02 6.994847939175670604e+01 1.197516706682673089e+02
2.546724289715886300e+02 7.032336934773908865e+01 1.196885254101640612e+02
2.547024709883953619e+02 7.079488795518207667e+01 1.201853641456582693e+02
2.547059523809523682e+02 7.163436374549820584e+01 1.202648759503801585e+02
2.547123749499799885e+02 7.210618247298918959e+01 1.196942977190876292e+02
2.547352541016406633e+02 7.224790916366546867e+01 1.198427470988395385e+02
2.547139255702280991e+02 6.665759303721488038e+01 1.173068827531012346e+02
2.545580332132853130e+02 5.865160064025609898e+01 1.128906462585033950e+02
2.545438375350140063e+02 5.407303921568627203e+01 1.110698479391756734e+02
2.544860944377751082e+02 5.271643657462985288e+01 1.100985294117647015e+02
2.544799219687875222e+02 5.274243697478991777e+01 1.099232893157262936e+02
2.545363445378151255e+02 5.545264105642257135e+01 1.121465586234493799e+02
2.545627350940376061e+02 5.873062224889955729e+01 1.143349039615846294e+02
2.545918667466986847e+02 6.255481192476990771e+01 1.163509503801520566e+02
2.546428071228491490e+02 6.397673069227690945e+01 1.175169967987194894e+02
2.546554021608643552e+02 6.578765506202481106e+01 1.183994397759103663e+02
2.546614045618247246e+02 6.515490196078431495e+01 1.179326330532212950e+02
2.546629551820728352e+02 6.524636854741896741e+01 1.176765206082432940e+02
2.546571228491396539e+02 6.611471588635454566e+01 1.176217386954781858e+02
2.546943177270908336e+02 6.761959783913565047e+01 1.187248699479791867e+02
2.546691276510604212e+02 6.890462184873949525e+01 1.190284213685474128e+02
2.546849539815926278e+02 6.957099839935973762e+01 1.190409063625450159e+02
2.547392557022809001e+02 7.060919367747098363e+01 1.195462885154061610e+02
2.547154161664665821e+02 7.146650660264106136e+01 1.195110444177671098e+02
2.547203881552620999e+02 6.995743297318927034e+01 1.182753701480592241e+02
2.547489595838335390e+02 7.066313525410164686e+01 1.194303921568627516e+02
2.547263605442176981e+02 7.072440976390555534e+01 1.187363845538215230e+02
2.547278011204481913e+02 7.135587234893957032e+01 1.189117146858743439e+02
2.547384953981592730e+02 7.094069627851141036e+01 1.193016906762705105e+02
2.547338035214085608e+02 7.177424969987994530e+01 1.197890856342536949e+02
2.547404661864745776e+02 7.291355542216886931e+01 1.198842937174869974e+02
2.547675670268107240e+02 7.368445378151260172e+01 1.204423369347739055e+02
2.547387254901960887e+02 7.223575430172068934e+01 1.193841336534613902e+02
2.547561124449779868e+02 7.286156462585033466e+01 1.203039715886354486e+02
2.547389855942377039e+02 7.390431172468987597e+01 1.205868747498999625e+02
2.547382152861144391e+02 7.452610044017606583e+01 1.207766206482593105e+02
2.547412364945978425e+02 7.416353541416566486e+01 1.205922569027611075e+02
2.547272008803521430e+02 7.560923369347739253e+01 1.210422869147659100e+02
2.547218787515006113e+02 7.542472989195678679e+01 1.205924069627851196e+02
2.547371548619447879e+02 7.410955382152860693e+01 1.200580632252901125e+02
2.547164065626250533e+02 6.920519207683072693e+01 1.177288815526210470e+02
2.545493397358943639e+02 5.774396758703481680e+01 1.112466186474589875e+02
2.544806522609043498e+02 4.921976790716286843e+01 1.067558723489395760e+02
2.543816526610644360e+02 4.760501200480192097e+01 1.059437074829931902e+02
2.543788215286114394e+02 4.768096238495397898e+01 1.062577831132452957e+02
2.544673769507803058e+02 5.184838935574229879e+01 1.091780012004801961e+02
2.545085734293717508e+02 5.412877150860344244e+01 1.114633253301320508e+02
2.545402360944377733e+02 5.698260304121648545e+01 1.130177571028411307e+02
2.545612845138055320e+02 5.943342336934773584e+01 1.147280812324929968e+02
2.545934773909563944e+02 5.865277110844337471e+01 1.143797719087635016e+02
2.546166366546618747e+02 5.886997799119647823e+01 1.147645458183273348e+02
2.546266706682673089e+02 5.851277511004401788e+01 1.146709483793517421e+02
2.546170168067226882e+02 6.069829931972789439e+01 1.157892857142857110e+02
2.546347539015606287e+02 6.175384153661464381e+01 1.166277310924369743e+02
2.546619347739095645e+02 6.403984593837535044e+01 1.178468987595038016e+02
2.546680772308923508e+02 6.671485594237695693e+01 1.187704181672669108e+02
2.547327330932373002e+02 7.127620048019207388e+01 1.215800320128051197e+02
2.547611444577831037e+02 7.256811724689876542e+01 1.216628951580632219e+02
2.547645858343337295e+02 7.159799919967987591e+01 1.209352741096438564e+02
2.547678271308523392e+02 7.288586434573829820e+01 1.215639055622248890e+02
2.547581232492997287e+02 7.333882553021209105e+01 1.219233093237294980e+02
2.547218287314925931e+02 7.160706282513005760e+01 1.200250300120048053e+02
2.547581132452981194e+02 7.189460784313725128e+01 1.206358343337334986e+02
2.547250200080032130e+02 7.028638455382153438e+01 1.197745498199279695e+02
2.547159263705482317e+02 6.994498799519807619e+01 1.196393057222889098e+02
2.547247298919567697e+02 7.025416166466587242e+01 1.196455582232893136e+02
2.547058623449379695e+02 7.161837735094037782e+01 1.199299619847939198e+02
2.546964585834333832e+02 7.057805122048819157e+01 1.195364745898359331e+02
2.547130752300920449e+02 7.047220888355342083e+01 1.190689075630252063e+02
2.547048219287715085e+02 7.052473989595839043e+01 1.191811624649859880e+02
2.546657863145258034e+02 6.624186674669867614e+01 1.167688375350140007e+02
2.546179771908763598e+02 5.589331732693077015e+01 1.114910564225690308e+02
2.545067226890756444e+02 5.061282513005202333e+01 1.088640156062425035e+02
2.544478291316526679e+02 4.860452180872349004e+01 1.076906562625050015e+02
2.544599839935974330e+02 5.133060224089636137e+01 1.091498599439775887e+02
2.545129151660664206e+02 5.497227891156462931e+01 1.118861444577831179e+02
2.545652060824329794e+02 5.826271508603441163e+01 1.140733093237294895e+02
