2.549736875854993059e+02 1.067963620041039690e+02 1.539817352086183178e+02
2.549670079514363863e+02 1.034373717510259922e+02 1.541985187243502082e+02
2.549163175444596448e+02 6.021673007865937421e+01 1.317787812072503471e+02
2.549512760772913680e+02 8.479105035909712740e+01 1.428124145006839854e+02
2.549535311217510127e+02 8.578727770177837897e+01 1.431620639534883708e+02
2.549619207421340548e+02 8.544406207250341367e+01 1.423119015047879543e+02
2.549170442886456840e+02 7.347060961012311964e+01 1.329407810362517068e+02
2.549511478283173744e+02 8.118066005471956714e+01 1.381076970759233973e+02
2.549425230848153205e+02 8.140916766415868722e+01 1.377295442886456840e+02
2.549480698529411882e+02 8.033248546511627808e+01 1.363458767954856228e+02
2.549366984439124622e+02 6.913611491108071050e+01 1.297757246067031360e+02
2.549068912448700530e+02 6.215773555061559819e+01 1.256943613201094365e+02
2.548831224350205105e+02 5.949624871751026234e+01 1.237943527701778379e+02
2.548725312072503471e+02 6.009222169972640160e+01 1.246157874487004165e+02
2.548779604138166803e+02 6.230283857729138219e+01 1.257761627906976685e+02
2.549055980677154594e+02 6.690843023255814614e+01 1.278900799418604635e+02
2.549072759917920621e+02 6.917219562243502651e+01 1.294484011627907023e+02
2.549184657147742712e+02 7.359393168604651692e+01 1.317071434678522621e+02
2.549295485636114904e+02 7.315597212722298082e+01 1.308466997264021927e+02
2.549171618502051899e+02 6.976982515389876482e+01 1.290681750170998612e+02
2.549125235123119069e+02 6.883743373803010002e+01 1.281221037106703022e+02
2.549115937072503471e+02 6.864115937072503471e+01 1.281881519322845406e+02
2.549181237175102694e+02 6.971631326949383833e+01 1.282618737175102694e+02
2.549218750000000000e+02 7.100769493844049407e+01 1.292481617647058840e+02
2.549244934165526786e+02 7.302499786251709679e+01 1.301982836012311964e+02
2.549370511285909799e+02 7.564588320793433240e+01 1.305407511114911188e+02
2.549432177667578685e+02 7.749069126196989998e+01 1.312408195109439077e+02
2.549446285054719681e+02 7.890285140218878723e+01 1.320107301641586730e+02
2.549382801812585626e+02 7.869748204514364431e+01 1.313994100547195671e+02
2.549493844049247571e+02 8.007735550615595344e+01 1.323786123461012210e+02
2.549510943912448795e+02 7.666011884404925070e+01 1.298033301983584238e+02
2.549264385259917844e+02 6.557125299247606165e+01 1.237943207079343324e+02
2.548992924931600612e+02 6.075097255471956004e+01 1.207729993160054676e+02
2.548845331737346100e+02 5.755687841997264087e+01 1.191921062756497918e+02
2.548884233926128502e+02 5.905179121067031645e+01 1.199314295485636137e+02
2.549067095588235361e+02 6.445502735978112696e+01 1.239920592510259922e+02
2.549135281292749653e+02 6.849233712380301142e+01 1.257369613543091589e+02
2.549237452975376073e+02 7.017612859097127398e+01 1.272069297195622397e+02
2.549307989911080767e+02 7.038680959302325846e+01 1.275881604822161393e+02
2.549338662790697754e+02 6.887456181600546756e+01 1.272464304035567721e+02
2.549318142954856228e+02 6.869286508207933650e+01 1.266780737004103941e+02
2.549301898084815434e+02 6.954434208276333607e+01 1.272947695793433667e+02
2.549356190150478767e+02 7.084640047879616986e+01 1.281818036080711352e+02
2.549381198700410494e+02 7.213284456224350549e+01 1.286715864398084932e+02
2.549453552496580073e+02 7.381289543433652511e+01 1.296260580540355818e+02
2.549374145006839854e+02 7.469939509233925889e+01 1.289651269664842630e+02
2.549481874145006941e+02 7.594040697674418539e+01 1.293999871751026092e+02
2.549483477257182074e+02 7.767351017441860961e+01 1.303208361833105471e+02
2.549468087380300858e+02 7.623105121409028584e+01 1.289129296340629196e+02
2.549430360807113516e+02 7.684149495554035525e+01 1.294346892099863169e+02
2.549432712038303634e+02 7.604214047537620047e+01 1.290083682455540384e+02
2.549300401846785178e+02 6.629072973666210089e+01 1.239554121067031502e+02
2.548748396887824867e+02 5.916582592339261026e+01 1.200450260772913822e+02
2.548842018638850959e+02 5.729565663474691917e+01 1.190111897229822091e+02
2.548793925273597836e+02 5.853440278727769908e+01 1.195652787277701776e+02
2.548959900820793507e+02 6.146654839261285730e+01 1.217178201949384402e+02
2.549121815150478767e+02 6.551540056429548997e+01 1.246342232387140854e+02
2.549231788645690813e+02 6.977095801983584522e+01 1.270997883891928808e+02
2.549263637140902858e+02 7.102718878248974477e+01 1.275430382181942548e+02
2.549335242818057452e+02 7.080977470930233153e+01 1.276087871922024561e+02
2.549323379787961699e+02 6.914277317031464065e+01 1.269024025307797530e+02
2.549384511798905635e+02 6.847144322845417719e+01 1.267434379274965863e+02
2.549307028043775745e+02 6.928680745554035525e+01 1.272176171340629338e+02
2.549354052667578685e+02 7.079765518125854840e+01 1.279569404069767415e+02
2.549300722469220375e+02 7.268865424076606985e+01 1.292748482387140996e+02
2.549352342681258676e+02 7.397333490082078811e+01 1.297836760430916456e+02
2.549355762653898694e+02 7.607216142270861781e+01 1.310885559165526786e+02
2.549489141586867333e+02 7.698221614227085752e+01 1.313158130984951981e+02
2.549475568570451571e+02 7.569089859781121277e+01 1.300379616963064393e+02
2.549465522400820703e+02 7.562005172708617806e+01 1.297496900649794895e+02
2.549531570622434913e+02 7.569936303009575340e+01 1.298838705540355818e+02
2.549441155095759370e+02 7.119343151504787670e+01 1.272219348495212046e+02
2.549030651504787954e+02 6.081713833789329726e+01 1.211138957763337913e+02
2.548775542920656676e+02 5.621529796511627808e+01 1.183178864569083402e+02
2.548551641586867333e+02 5.555689979480164453e+01 1.179427795827633361e+02
2.548711739056087424e+02 5.810505728454172214e+01 1.194725226573187484e+02
2.548944404069767415e+02 6.335814594733242444e+01 1.226733819254446018e+02
2.549115295827633361e+02 6.705838534541723561e+01 1.252775200923392589e+02
2.549130578830369416e+02 6.927714603283173744e+01 1.265235123119014986e+02
2.549255835328317232e+02 6.981351530437756026e+01 1.268384383549931584e+02
2.549339945280437689e+02 6.895059208276333607e+01 1.265177411080711352e+02
2.549187222127222867e+02 6.888933182284542056e+01 1.258637568399452817e+02
2.549178672195622539e+02 6.885553821819425480e+01 1.259929783686730502e+02
2.549280095759233973e+02 6.984040483926128218e+01 1.269535631839945324e+02
2.549377030608755206e+02 7.240356745896032464e+01 1.279118715800273662e+02
2.549423627735978073e+02 7.480734866621067169e+01 1.294707164842681379e+02
2.549462102428180685e+02 7.612465800273598404e+01 1.303596421853625031e+02
2.549479202291381625e+02 7.719844391244869541e+01 1.309404497264021927e+02
2.549525478796169580e+02 7.703937243502052468e+01 1.309851979309165415e+02
2.549537234952120457e+02 7.864594733242134339e+01 1.316044374145006941e+02
2.549575923392612822e+02 8.055779753761970596e+01 1.323086739056087424e+02
2.549595374487004165e+02 7.982840287277701918e+01 1.321306857045143772e+02
2.549440941347469334e+02 7.356364355335156802e+01 1.290307476915184566e+02
2.549156869870041078e+02 6.145857558139535115e+01 1.226192822332421315e+02
2.548777466655266721e+02 5.610294117647058698e+01 1.195939851231190119e+02
2.548446263679890649e+02 5.272169972640218560e+01 1.176716398768809881e+02
2.548639705882353041e+02 5.432617989056087282e+01 1.188959793946648489e+02
2.548846293604651123e+02 5.932864868331053287e+01 1.220098751709986260e+02
2.549016116621067169e+02 6.396738201094391485e+01 1.245902872777017762e+02
2.549243544801641690e+02 6.868863286593706619e+01 1.274848345588235361e+02
2.549339624658002776e+02 6.909405993502052468e+01 1.279221849350205247e+02
2.549262354651162923e+02 6.808090372777017762e+01 1.277837829172366639e+02
2.549176962209302246e+02 6.738321862175102694e+01 1.272398790184678461e+02
2.549219070622434913e+02 6.732860593365252555e+01 1.276433396032831666e+02
2.549240445451436301e+02 6.778075837893297262e+01 1.281056023426812658e+02
2.549418604651162923e+02 6.892170400136798492e+01 1.290378548221614210e+02
2.549369763166894529e+02 7.034728753419972236e+01 1.295420977257182074e+02
2.549370725034199836e+02 7.175047024623802372e+01 1.303135473666210657e+02
2.549297836867305023e+02 7.405142783857729682e+01 1.312248525136798776e+02
2.549460499316005553e+02 7.609925401846784609e+01 1.321709238201094365e+02
2.549313226744185954e+02 7.514518852599179866e+01 1.313715265902872886e+02
2.549446926299589506e+02 7.575989654582762967e+01 1.316204257865936995e+02
2.549451415013679991e+02 7.450609182626538995e+01 1.308624422879616986e+02
2.549427795827633361e+02 6.378818613201094223e+01 1.252254723837209269e+02
2.548937136627907023e+02 5.666351744186046346e+01 1.211861640731874132e+02
2.548784627222982238e+02 5.412769322845417008e+01 1.195133699555403552e+02
2.548718792749658064e+02 5.328930831053351369e+01 1.192173713235294059e+02
2.548873546511627808e+02 5.810532446990423949e+01 1.225101102941176521e+02
2.549095524110807105e+02 6.295349905950752145e+01 1.254898576436388566e+02
2.549235636114911188e+02 6.807707763337893425e+01 1.270944126196990425e+02
2.549338342168262557e+02 6.968285097469220091e+01 1.283690257352941160e+02
2.549336739056087424e+02 6.880325538645691097e+01 1.277898961183310576e+02
2.549359182626538995e+02 6.752447417920656392e+01 1.269626902359781155e+02
2.549192245212038301e+02 6.782800743844049407e+01 1.273495105164158616e+02
2.549219391244870110e+02 6.801418219904240914e+01 1.276624380129958922e+02
2.549323272913816822e+02 6.890633549931600044e+01 1.282337337551299470e+02
2.549380343707250347e+02 7.064252735978112696e+01 1.292933588406292813e+02
2.549371152530779625e+02 7.254655437756497349e+01 1.304510195793433525e+02
2.549399367305061617e+02 7.344514150136798492e+01 1.308322289671682768e+02
2.549399046682626420e+02 7.348673691860464885e+01 1.308084708447332503e+02
2.549548777359781013e+02 7.226535781463748265e+01 1.298813696990424091e+02
2.549474392954856228e+02 7.340808823529411598e+01 1.299604993160054676e+02
2.549557861662106575e+02 7.425999273255814614e+01 1.308407147742817926e+02
2.549517676983584238e+02 7.141966270519836257e+01 1.294461033686730502e+02
2.548972725718194283e+02 6.039394878590971416e+01 1.233303586696306411e+02
2.548573016415868722e+02 5.522668006155950593e+01 1.205499316005471968e+02
2.548572802667578685e+02 5.453294929890560638e+01 1.203630728454172356e+02
2.548569168946648347e+02 5.568523426812585342e+01 1.209518104480164169e+02
2.548816689466484320e+02 6.053988543091655572e+01 1.233271310704514434e+02
2.549192245212038301e+02 6.553087594049247855e+01 1.261299696477428114e+02
2.549299760601915068e+02 6.769870041039671094e+01 1.276986149110807105e+02
2.549422024623802940e+02 6.837884746922024704e+01 1.286224029582763251e+02
2.549480057284541772e+02 6.942696220930233153e+01 1.285614098837209269e+02
2.549417963406292813e+02 6.644977983926128218e+01 1.271919994015047877e+02
2.549404283515731890e+02 6.657423478112174564e+01 1.271011029411764639e+02
2.549363243844049123e+02 6.721419716142270318e+01 1.272459174076607411e+02
2.549403214774281707e+02 6.811938910738713560e+01 1.273145412961696366e+02
2.549463598666210657e+02 6.994882865937071870e+01 1.287818484952120457e+02
2.549416787790697754e+02 7.125651932284542056e+01 1.292219241621067169e+02
2.549398084815321397e+02 7.151070878932968355e+01 1.294052560704514292e+02
2.549436666381668886e+02 7.260733370383036345e+01 1.298871195280437689e+02
2.549459109952120457e+02 7.351131797195623108e+01 1.299751838235294201e+02
2.549360678864568968e+02 7.297011798905609226e+01 1.298733220759233973e+02
2.549420207763337771e+02 7.368171810875513472e+01 1.302545100889192895e+02
2.549376496238029972e+02 7.435519622093023884e+01 1.302475846443228420e+02
2.549380236833105471e+02 7.327159926470588402e+01 1.296938162619699142e+02
2.549217467510259780e+02 6.466288688440492649e+01 1.261747819767441854e+02
2.548989504958960310e+02 5.601087978796169864e+01 1.209686431258549959e+02
2.548767420485636137e+02 5.429343365253077991e+01 1.202047281121751041e+02
2.548750213748290037e+02 5.527007096443228562e+01 1.209726402188782544e+02
2.548931792920656676e+02 5.966896802325581461e+01 1.238090159028727726e+02
2.549186687756497918e+02 6.438419117647059409e+01 1.269217788132694977e+02
2.549304783686730502e+02 6.741844433994528174e+01 1.288521823700410494e+02
2.549310448016415762e+02 7.059940364227085752e+01 1.303462081053351653e+02
2.549378313098495141e+02 6.950095117989056348e+01 1.300402381155950877e+02
2.549440513850889261e+02 6.870963363543091873e+01 1.295543561901504859e+02
2.549342082763337771e+02 6.654750555745553697e+01 1.280770455711354430e+02
2.549255942202462393e+02 6.697501282489740504e+01 1.279339304035567721e+02
2.549301577462380237e+02 6.985493972298220910e+01 1.296961568057455452e+02
2.549375641244870110e+02 7.082762269151847079e+01 1.298582528214774356e+02
2.549439338235294201e+02 7.166202120383036345e+01 1.305350867818057452e+02
2.549355228283173744e+02 7.087553437072503471e+01 1.299078637995895917e+02
2.549424162106703022e+02 7.196675145348837077e+01 1.303193933823529278e+02
2.549478240424076603e+02 7.294839047537620047e+01 1.307675273597811270e+02
2.549468835499316128e+02 7.377832164842681095e+01 1.315738286593707187e+02
2.549478133549931727e+02 7.477032746238029404e+01 1.318861576607387178e+02
2.549546853625170968e+02 7.555368288303694158e+01 1.318097426470588118e+02
2.549522272571819315e+02 7.287813141244869541e+01 1.306694062072503471e+02
2.549414436559507635e+02 6.750249016757865661e+01 1.277291595417236607e+02
2.549130151333789343e+02 6.023928052325581461e+01 1.233745831908344712e+02
2.548820216313269498e+02 5.662366407318741324e+01 1.217586354309165557e+02
2.548828766244870110e+02 5.409363243844049407e+01 1.205111790355677215e+02
2.548808673905608657e+02 5.718558695280437831e+01 1.222404347640218845e+02
2.549024880300957534e+02 6.140705155608755206e+01 1.250494720417236607e+02
2.549204108242134055e+02 6.663244912790698038e+01 1.283758870554035525e+02
2.549368373803009717e+02 6.773132908686730502e+01 1.286651205540355818e+02
2.549400863543091589e+02 6.778919074897400776e+01 1.283686837380300858e+02
2.549442116963064393e+02 6.765947759917921189e+01 1.281804463064295589e+02
2.549380878077975296e+02 6.744101615937071870e+01 1.279709516073871356e+02
2.549362388850889261e+02 6.741769622093023884e+01 1.281937628248973908e+02
2.549329792236662229e+02 6.811527445280437121e+01 1.283893211354309187e+02
2.549313867989056064e+02 6.966831609097127398e+01 1.290303629445964475e+02
2.549543861149110739e+02 7.226387226402188446e+01 1.304428971443228420e+02
2.549553907318741324e+02 7.479660781463748265e+01 1.315570066689466557e+02
2.549561816005471826e+02 7.618147229822162103e+01 1.325942523084815434e+02
2.549573892783857616e+02 7.741358156634747445e+01 1.331827227257182074e+02
2.549700218023255900e+02 7.700346272229822375e+01 1.329702248632010821e+02
2.549560854138166803e+02 7.710951393638850959e+01 1.326830754103967251e+02
2.549567694083447407e+02 7.731431686046511231e+01 1.325767035738714128e+02
2.549572182797537607e+02 7.601637311901504290e+01 1.313086097811217599e+02
2.549599435704514292e+02 7.655695323187414658e+01 1.316108605506155982e+02
2.549572396545827644e+02 6.880781891244869541e+01 1.283991749316005553e+02
2.549080241108071050e+02 5.966346400478796141e+01 1.235430275307797530e+02
2.548786337209302246e+02 5.511627906976744384e+01 1.208198743160054676e+02
2.548573871409028868e+02 5.304762311901505001e+01 1.186292642783857758e+02
2.548685341142270886e+02 5.709768296853625458e+01 1.208110785738714128e+02
2.549004467339261168e+02 6.252493373803009291e+01 1.242391522742818069e+02
2.549353945793433525e+02 6.753708532831737443e+01 1.274137953146374826e+02
2.549400756668946713e+02 6.890981959644322785e+01 1.282668219904240630e+02
2.549409947845417150e+02 6.940504232216142100e+01 1.290536187585499306e+02
2.549472255471956146e+02 6.900278941518467946e+01 1.281369057797537607e+02
2.549479522913816822e+02 6.807526077291382194e+01 1.271645434336525256e+02
2.549439017612859004e+02 6.845779540013680275e+01 1.275504873461012352e+02
2.549405566005471826e+02 7.033394964090287260e+01 1.281867198187414374e+02
2.549390817373461005e+02 7.277386499658003061e+01 1.294539693057455452e+02
2.549464988030095753e+02 7.506970331737346669e+01 1.307179270690834585e+02
2.549639299760602000e+02 7.836515689124486528e+01 1.325081010601915068e+02
2.549621024281805717e+02 7.847872135772914248e+01 1.322300893467852347e+02
2.549605420656634749e+02 7.974546853625170684e+01 1.327535054719562311e+02
2.549684293775649735e+02 8.101184165526676395e+01 1.336671618502051899e+02
2.549665163303693589e+02 8.032348666210670274e+01 1.320383571306429644e+02
2.549612581224350265e+02 7.894850803693570640e+01 1.314917279411764639e+02
2.549592061388509023e+02 7.905502949726401596e+01 1.306392249487004165e+02
2.549585114569083544e+02 7.523102983926128218e+01 1.279811153385772968e+02
2.549426833960328338e+02 6.503680745554035525e+01 1.218850354822161393e+02
2.548720823358413270e+02 5.499716783515732033e+01 1.158123824384404941e+02
2.548505471956224255e+02 5.356226487688098814e+01 1.139524944425444630e+02
2.548576970759233973e+02 5.528293861149110455e+01 1.143369421169630584e+02
2.548906250000000000e+02 6.195037833447332076e+01 1.171178073700410351e+02
2.549183374658002776e+02 6.926439594733241734e+01 1.211984973495212046e+02
2.549468835499316128e+02 7.695183182284542056e+01 1.249457613714090343e+02
2.549581480848153205e+02 7.804095417236662513e+01 1.248403300273597836e+02
2.549519814466484320e+02 7.591382737688098814e+01 1.238316945964432279e+02
2.549531250000000000e+02 7.075023512311901186e+01 1.213891715116279073e+02
2.549402573529411882e+02 6.987147315321477947e+01 1.204395840458276297e+02
2.549339624658002776e+02 6.763185063269493469e+01 1.197079022742818069e+02
2.549386114911080767e+02 6.885755813953488769e+01 1.206450495896032891e+02
2.549459323700410494e+02 7.067250555745553697e+01 1.215602983926128644e+02
2.549406955369356922e+02 7.190195365937071870e+01 1.227194981190150429e+02
2.549481126025991671e+02 7.320937713748290321e+01 1.240131989569083402e+02
2.549507630813953369e+02 7.533720930232557578e+01 1.250374273255813904e+02
2.549519600718194283e+02 7.618731831395348308e+01 1.254466591142270886e+02
2.549503035225718293e+02 7.766669160396716620e+01 1.257377415355677215e+02
2.549526333789329726e+02 7.718896417578659452e+01 1.263861683481532197e+02
2.549458041210670274e+02 7.557282404240766027e+01 1.252034776846785178e+02
2.549300508720930338e+02 6.493231660396716620e+01 1.200456993844049265e+02
2.549018360978112128e+02 5.456278856019152101e+01 1.144736662106703164e+02
2.548591505642954758e+02 5.275516202120383014e+01 1.135588769664842630e+02
2.548502800102599224e+02 5.413741877564979177e+01 1.144078317373461005e+02
2.548809315150478767e+02 5.991841227770177625e+01 1.185129638337893283e+02
2.549059400649794895e+02 6.598760259917921189e+01 1.224709409199726338e+02
2.549344540868673050e+02 7.234447674418605345e+01 1.255263551641586872e+02
2.549430895177838465e+02 7.365960584815321965e+01 1.270796533002735913e+02
2.549496836525307799e+02 7.294213833789329726e+01 1.264554121067031502e+02
2.549374679377565087e+02 7.036755087209301962e+01 1.256263786764705941e+02
2.549374465629275051e+02 6.698285738714089632e+01 1.237499038132694977e+02
2.549318036080711352e+02 6.753298136114911188e+01 1.240685811388508881e+02
2.549336525307797672e+02 6.902808652530779909e+01 1.247610507865937137e+02
2.549408237859097142e+02 7.073863927838577581e+01 1.264890988372092977e+02
2.549521524452804329e+02 7.291668091655266437e+01 1.276539094562243548e+02
2.549526761285909799e+02 7.508790398426812374e+01 1.288237645348837077e+02
2.549534349350205105e+02 7.643979779411765207e+01 1.295544523768809881e+02
2.549530501880985014e+02 7.788005514705882604e+01 1.308275051299589506e+02
2.549529967510259780e+02 7.743213491792066350e+01 1.303360657489740220e+02
2.549552411080711352e+02 7.749575709644322785e+01 1.300744164671682768e+02
2.549428864569083544e+02 6.765268040355677215e+01 1.249246323529411740e+02
2.548800765218878155e+02 5.566792065663474887e+01 1.184878697845417292e+02
2.548536037961696366e+02 4.861373546511627808e+01 1.147023341313269498e+02
2.548368031805745488e+02 4.850400778043775318e+01 1.140258956053351511e+02
2.548468814124487096e+02 5.022229822161422419e+01 1.151238136969904247e+02
2.548798734610123233e+02 5.728615552325581461e+01 1.194131647571819457e+02
2.548928052325581461e+02 6.256103582421340548e+01 1.226017655608755064e+02
2.549073187414500694e+02 6.748388337893297262e+01 1.257539543433652511e+02
2.549183160909712740e+02 6.740518125854993059e+01 1.254222704343365251e+02
2.549209238201094365e+02 6.579261072161422419e+01 1.252498290013679849e+02
2.549238842339261168e+02 6.457946092681258676e+01 1.244174931600547183e+02
2.549193207079343324e+02 6.433951778385772968e+01 1.244464453659370662e+02
2.549299119357045242e+02 6.484020177838577581e+01 1.246193463577291425e+02
2.549207100718194283e+02 6.663980206908344428e+01 1.253779924760601858e+02
2.549233498632010821e+02 6.874784114227085752e+01 1.269388466142270886e+02
2.549318570451436301e+02 7.010894750341996939e+01 1.284725867818057452e+02
2.549145434336525398e+02 7.144657361491107395e+01 1.288630087209302246e+02
2.549341014021887872e+02 7.343243416552667213e+01 1.300213748290013598e+02
2.549336097811217599e+02 7.488143382352940591e+01 1.305606724521203716e+02
2.549364633207934219e+02 7.597987559849521233e+01 1.307596400478796284e+02
2.549386435533515680e+02 7.157246067031464065e+01 1.278798841484268110e+02
2.549207955711354430e+02 6.173587123803009291e+01 1.232120810533515680e+02
2.548769344220246182e+02 5.490052154582763677e+01 1.195250833618331114e+02
2.548613414842681379e+02 5.114967724008207739e+01 1.170597426470588260e+02
2.548544908515731890e+02 5.201187371751026234e+01 1.175184571648426868e+02
2.548773619186046631e+02 5.643682669288645570e+01 1.211270733584131278e+02
2.548964389534883708e+02 6.121319254445964475e+01 1.243375726744186096e+02
2.549202184507524009e+02 6.651755942202461824e+01 1.270375769493844018e+02
2.549247285396716904e+02 6.790515988372092693e+01 1.272198508036935749e+02
2.549326372264021927e+02 6.892367048563610865e+01 1.281933673905608657e+02
2.549269728967168192e+02 6.708677111833105755e+01 1.270942950581395365e+02
2.549269728967168192e+02 6.333191903214774499e+01 1.250580540355677215e+02
2.549205283857729114e+02 6.399156762995895775e+01 1.248101701436388566e+02
2.549322311046511516e+02 6.584430574555403837e+01 1.254968472127223009e+02
2.549244934165526786e+02 6.996528727770177625e+01 1.276629082592339302e+02
2.549485935362517068e+02 7.262106703146375253e+01 1.291652915526675827e+02
2.549553800444596448e+02 7.502097939466484888e+01 1.298995917407660841e+02
2.549546426128590895e+02 7.686327590629275619e+01 1.300273704685362475e+02
2.549560212893296978e+02 7.692870425786593103e+01 1.303493181429548429e+02
2.549548136114911188e+02 7.818875042749658633e+01 1.313357344391244794e+02
2.549606916894664721e+02 7.842019707592339728e+01 1.314108455882353041e+02
2.549580091484268110e+02 7.207124230506155982e+01 1.279325303522571886e+02
2.549150350547195671e+02 6.060864825581395365e+01 1.219301256839945324e+02
2.548666958789329726e+02 5.250197717168262557e+01 1.175498674760601858e+02
2.548503120725034137e+02 5.138482173392613106e+01 1.165600205198358452e+02
2.548653492647058840e+02 5.253457378590971416e+01 1.171168882523939772e+02
2.548659691347469334e+02 5.751472725718194567e+01 1.213063333618331114e+02
2.549025949042407717e+02 6.245781677496579931e+01 1.244295806258549959e+02
2.549282126367989179e+02 6.806823914158687217e+01 1.272169652017783790e+02
2.549307883036935607e+02 6.820278300273598404e+01 1.270486491108071192e+02
2.549316860465116292e+02 6.662105634404925070e+01 1.263862645348837219e+02
2.549398512311901470e+02 6.590856916894664153e+01 1.252700175273597836e+02
2.549298371238029972e+02 6.583198315663474887e+01 1.249468194254446018e+02
2.549379702462380237e+02 6.681105719904240914e+01 1.254729822161422703e+02
2.549344113372092977e+02 6.893832293091655572e+01 1.258756946819425480e+02
2.549425444596443242e+02 7.146664457934336667e+01 1.270329599863201082e+02
2.549470652359781013e+02 7.299397229822162103e+01 1.270547409370725092e+02
2.549470545485636137e+02 7.463803864569084112e+01 1.279142869357045100e+02
2.549420100889192895e+02 7.596692245212038586e+01 1.280357494015048019e+02
2.549552731703146264e+02 7.485404198016415478e+01 1.282433524281805717e+02
2.549536273084815434e+02 7.483311602257181505e+01 1.279915676299589649e+02
2.549553266073871498e+02 7.527237944596443242e+01 1.276118437927496529e+02
2.549503462722298082e+02 7.198619186046511231e+01 1.256910482216142242e+02
2.548971336354309187e+02 6.174100119699042466e+01 1.196760430916552735e+02
2.548688654240766027e+02 5.415212465800273378e+01 1.167895220588235361e+02
2.548385986662106575e+02 5.028364398084815434e+01 1.142053479822161393e+02
2.548297922366621151e+02 5.098456737346101164e+01 1.146120575410396754e+02
2.548445088064295589e+02 5.583220759233925889e+01 1.177373567886456840e+02
2.548848324213406329e+02 6.170995425786593813e+01 1.214772358071135443e+02
2.549204963235294201e+02 6.751020648084815434e+01 1.245994036422708575e+02
2.549327654753761863e+02 6.877248632010943652e+01 1.252183331908344712e+02
2.549300615595075215e+02 6.804875598495212330e+01 1.245925316347469192e+02
2.549306707421340548e+02 6.670020733584131278e+01 1.240391800615595059e+02
2.549269087722298082e+02 6.635150906292749085e+01 1.232923114740082013e+02
2.549249422879616986e+02 6.708168390902872602e+01 1.240775478796169580e+02
2.549338021545827644e+02 6.891498161764705799e+01 1.251163431942544406e+02
2.549356617647058840e+02 7.095866108071135159e+01 1.262372392270861781e+02
2.549290783173734667e+02 7.275602770177837897e+01 1.275202205882352899e+02
2.549387076778385790e+02 7.424053095075240094e+01 1.281576073016415762e+02
2.549436452633378849e+02 7.523513380642954473e+01 1.286146225205198448e+02
2.549452590629275051e+02 7.393863286593706619e+01 1.282307412790697754e+02
2.549432284541723561e+02 7.376400051299589222e+01 1.277641501367989036e+02
2.549446071306429644e+02 7.412723366963064109e+01 1.278056386798905635e+02
2.549472255471956146e+02 7.368295784883720501e+01 1.276697695793433667e+02
2.549325196648426868e+02 6.251380813953488058e+01 1.215484353625170968e+02
2.548508143809849571e+02 5.398265432626538995e+01 1.171477107558139465e+02
2.548360336867305023e+02 5.138130557455540526e+01 1.157097939466484320e+02
2.548308289158686648e+02 5.176718536251709679e+01 1.158832827462380237e+02
2.548513701265389955e+02 5.339366022571819315e+01 1.176447396545827644e+02
2.548634255300957534e+02 5.981861320109439362e+01 1.212437906121751041e+02
2.548956587722298082e+02 6.562821691176471006e+01 1.242349093707250347e+02
2.549231468023255900e+02 6.736493245554035525e+01 1.255506690321477379e+02
2.549257972811217599e+02 6.681211525307797672e+01 1.249988671340629338e+02
2.549227086183310576e+02 6.587838791039671094e+01 1.241241236320109493e+02
2.549196413303693589e+02 6.552395049589603104e+01 1.236748354138166945e+02
2.549291103796169580e+02 6.641820921682626988e+01 1.243829300615595059e+02
2.549259255300957534e+02 6.777205882352940591e+01 1.251810341142270886e+02
2.549321028556771580e+02 7.027382224692202328e+01 1.261941903214774214e+02
2.549422452120383014e+02 7.221838662790698038e+01 1.272035524965800306e+02
2.549389214261285872e+02 7.345965501025992239e+01 1.284045186388509023e+02
2.549463705540355818e+02 7.478230805403556758e+01 1.294489675957592283e+02
2.549447781292749653e+02 7.544633849179206209e+01 1.295883528556771580e+02
2.549425337722298082e+02 7.363084601573187626e+01 1.287202462380300858e+02
2.549394237346101306e+02 7.431035182968535935e+01 1.289144793091655288e+02
2.549460499316005553e+02 7.488922494870041646e+01 1.290145562585499306e+02
2.549377244357045242e+02 6.906952163132694977e+01 1.265486704856361087e+02
2.549147358071135443e+02 5.899694339945280319e+01 1.213937777872776991e+02
2.548538923563611434e+02 5.278760901162790731e+01 1.181424418604651123e+02
2.548410247093023315e+02 5.093929548563611576e+01 1.168080647229822091e+02
2.548224820451436301e+02 5.184108883378932831e+01 1.169930318057455594e+02
2.548591185020519845e+02 5.617392698358413128e+01 1.197316603967168334e+02
2.548915013679890649e+02 6.047096229480164453e+01 1.224586397058823479e+02
2.549157831737346100e+02 6.514073187414500410e+01 1.253873867134062863e+02
2.549324341655266721e+02 6.620570066689467126e+01 1.261155523255813904e+02
2.549341869015048019e+02 6.548697204172366071e+01 1.252417813782489731e+02
2.549181450923392731e+02 6.398729266415868722e+01 1.241099414329685402e+02
2.549089004787961699e+02 6.392097725718194567e+01 1.241992347811217456e+02
2.549291958789329726e+02 6.519802710328316664e+01 1.246108605506155982e+02
2.549321456053351653e+02 6.748500555745553697e+01 1.257942352086183320e+02
2.549375106874144876e+02 6.979334815321477947e+01 1.272901739911080767e+02
2.549406848495212046e+02 7.420346699726401596e+01 1.296089688782489873e+02
2.549431750170998612e+02 7.410673520861833197e+01 1.282494870041039690e+02
2.549491065321477379e+02 7.526954728112174564e+01 1.286552988201094365e+02
2.549518425102599224e+02 7.624496622777017762e+01 1.289494378419972520e+02
2.549513936388509023e+02 7.756661465458276439e+01 1.294998396887824867e+02
2.549525051299589506e+02 7.663091014021887304e+01 1.288522571819425480e+02
2.549505279582763251e+02 7.762169758891928950e+01 1.289722340971272274e+02
2.549506455198358310e+02 7.459564167236662513e+01 1.272528001025991813e+02
2.549354266415868722e+02 6.558807498290013882e+01 1.218934357900136831e+02
2.548947717168262557e+02 5.744189252735978357e+01 1.171766736491108105e+02
2.548673584986320009e+02 5.219942715458276439e+01 1.139653193399452817e+02
2.548646652701778521e+02 5.242095588235294201e+01 1.134003291723666251e+02
2.548702761627907023e+02 5.602917664158686506e+01 1.159684400649794753e+02
2.548920357387140996e+02 6.024283943228454064e+01 1.189903599521203859e+02
2.548961290184678603e+02 6.448919502393981418e+01 1.202319596443228420e+02
2.549210200068399388e+02 6.633155566005471826e+01 1.216527872777017762e+02
2.549302539329685260e+02 6.610711995554035525e+01 1.213480784028727726e+02
2.549239697332421315e+02 6.560850931942545117e+01 1.206980805403556758e+02
2.549268125854993059e+02 6.748312457250341367e+01 1.220774410054719539e+02
2.549310554890560923e+02 6.652546810875513472e+01 1.211814295485636137e+02
2.549361854480164027e+02 6.747313183994528174e+01 1.218944404069767415e+02
2.549352449555403552e+02 6.940454001367989179e+01 1.233684806771545794e+02
2.549354907660738832e+02 7.348254745212038586e+01 1.253053928693570498e+02
2.549448850034199836e+02 7.276357301641586162e+01 1.246582057968536219e+02
2.549555617305061617e+02 7.346525521545827075e+01 1.254647742818057452e+02
2.549587572674418539e+02 7.400992860807113516e+01 1.254606596272229808e+02
2.549488393467852347e+02 7.426871366279070230e+01 1.254235315492475991e+02
2.549586290184678603e+02 7.268435790013680275e+01 1.249178779069767415e+02
2.549546426128590895e+02 7.301302795827633929e+01 1.245315813098495141e+02
2.549510837038303634e+02 7.444158259233925889e+01 1.258110144493844018e+02
2.549512119528043854e+02 7.590289415184678035e+01 1.263924418604651123e+02
2.549488607216142384e+02 6.898840415526676395e+01 1.231418219904240772e+02
2.549114013337893425e+02 6.080824640902872602e+01 1.187068121580027338e+02
2.548991749316005553e+02 5.700810106019152101e+01 1.172936153385772968e+02
2.548818185704514292e+02 5.603667920656634749e+01 1.162690235978112128e+02
2.548706288474692201e+02 5.702636585157318905e+01 1.168913624316005411e+02
2.548918968023255900e+02 6.118686944254446303e+01 1.199233926128591037e+02
2.549163389192886484e+02 6.245903514021888014e+01 1.212062243502052041e+02
2.549189145861833197e+02 6.652911251709986118e+01 1.237548627735978073e+02
2.549201863885088812e+02 6.692339261285910368e+01 1.236489825581395365e+02
2.549214795656634749e+02 6.596779882010943652e+01 1.230354074042407717e+02
2.549162106703146264e+02 6.558236790355677215e+01 1.230449085157318763e+02
2.549278813269493753e+02 6.622950153898769088e+01 1.225817159712722315e+02
2.549291638166894529e+02 6.687726573187414658e+01 1.231912085328317374e+02
2.549400970417236749e+02 6.867048563611490408e+01 1.240593472127223009e+02
2.549420421511627808e+02 7.011174760601915068e+01 1.243463256668946713e+02
2.549418711525307799e+02 7.147371964774281139e+01 1.253891180745553982e+02
2.549492775307797672e+02 7.354629787961695797e+01 1.258996558652530808e+02
2.549482622264021927e+02 7.469980121409028584e+01 1.263029347640218845e+02
2.549461888679890649e+02 7.493430446306429360e+01 1.266063825239398142e+02
2.549453338748290037e+02 7.398966527017783790e+01 1.258481959644322785e+02
2.549437307626538995e+02 7.468399452804376892e+01 1.261947674418604635e+02
2.549431108926128502e+02 7.509367518809850139e+01 1.262989590458276297e+02
2.549441582592339159e+02 7.625400778043776029e+01 1.268482173392612822e+02
2.549455476231190119e+02 7.494761029411765207e+01 1.260019878590971274e+02
2.549496302154582850e+02 7.430740210328316664e+01 1.252443356703146407e+02
2.549300081224350265e+02 6.727815064979479587e+01 1.216229373290013740e+02
2.548970053864568968e+02 5.870440748974008471e+01 1.169924653727770192e+02
2.548697845417236749e+02 5.623697204172366781e+01 1.152283045485636137e+02
2.548643018980848183e+02 5.627855677154582992e+01 1.151818249829001388e+02
2.548867668433652511e+02 6.039363885088918948e+01 1.187671212380301000e+02
2.548943762824897306e+02 6.235993074555403837e+01 1.195631091826265333e+02
2.549150884917920621e+02 6.636757224692202328e+01 1.221031549247606023e+02
2.549241941689466557e+02 6.729109310875513472e+01 1.231610913987688036e+02
2.549211375683994447e+02 6.923836140560875663e+01 1.242965330027359840e+02
2.549237880471956146e+02 6.852909114227085752e+01 1.245035909712722315e+02
2.549255194083447407e+02 6.799206993844049407e+01 1.238772443570451429e+02
2.549271225205198448e+02 6.642279411764705799e+01 1.233223858584131278e+02
2.549356724521203716e+02 6.914671682626538995e+01 1.248247477770177909e+02
2.549374358755129890e+02 7.021742476060191507e+01 1.251702932626538995e+02
2.549472255471956146e+02 7.191583661080711920e+01 1.258621430403556758e+02
2.549489675957592283e+02 7.329486576607386894e+01 1.272515817373461005e+02
2.549444788816689424e+02 7.383876966484268678e+01 1.273940342852257146e+02
2.549469262995895917e+02 7.272821904924759906e+01 1.271013060020519845e+02
2.549565556600547325e+02 7.307319810191518172e+01 1.270502949726402164e+02
2.549513295143638913e+02 7.286790355677155162e+01 1.267453402872776991e+02
2.549542471785225644e+02 7.307561345759233973e+01 1.267084580198358452e+02
2.549496836525307799e+02 7.178733113885088812e+01 1.260388060020519845e+02
2.549480271032831808e+02 7.253624102257181505e+01 1.260536615082079379e+02
2.549452376880985014e+02 7.247643425102599224e+01 1.258319190321477379e+02
2.549457613714090201e+02 6.784924333105335847e+01 1.241455946477428114e+02
2.549163816689466557e+02 6.150806899794801552e+01 1.208241813440492507e+02
2.549042407660738832e+02 5.646832250341996939e+01 1.182430959302325562e+02
2.548857515389876767e+02 5.604214047537620047e+01 1.177700923392612822e+02
2.548941839090287260e+02 5.983427026333789200e+01 1.198614162961696366e+02
2.549097875341997224e+02 6.241693741450068700e+01 1.225936110636114904e+02
2.549234887995895917e+02 6.732749444254446303e+01 1.253237217852257146e+02
2.549350205198358310e+02 6.904145648084815434e+01 1.264730784028727726e+02
2.549390176128590895e+02 7.139061431258549817e+01 1.275940171853625174e+02
2.549377778727770192e+02 6.833173734610123518e+01 1.261375897742818069e+02
2.549328082250341936e+02 6.770852214432284200e+01 1.256364996580027338e+02
2.549330540355677215e+02 6.791503505471956714e+01 1.261654518638850959e+02
2.549351808310533443e+02 6.945291125170999180e+01 1.271609952120383014e+02
2.549366022571819315e+02 7.097921297879616986e+01 1.276485336867305023e+02
2.549474072332421315e+02 7.240868673050616167e+01 1.288205369357045242e+02
2.549444575068399388e+02 7.394405138508892605e+01 1.296614013337893425e+02
2.549472789842681379e+02 7.477698572161422419e+01 1.302283045485636137e+02
2.549444254445964475e+02 7.353744870041039405e+01 1.289560747264021927e+02
2.549501111491107963e+02 7.322088748290013882e+01 1.287525436046511516e+02
2.549474606703146264e+02 7.363037576949383833e+01 1.288602193057455452e+02
2.549488820964432421e+02 7.416785653214773788e+01 1.292736298734610045e+02
2.549453659370724949e+02 7.293896417578659452e+01 1.272408088235294059e+02
2.549455476231190119e+02 7.315277659028727442e+01 1.270821007181942548e+02
2.549429078317373580e+02 6.924369442544460185e+01 1.248522037448700388e+02
2.549024239056087424e+02 6.151929078317373722e+01 1.205808182284541772e+02
2.548894493844049123e+02 5.560299461354308903e+01 1.172700175273597836e+02
2.548694425444596448e+02 5.542439722982216210e+01 1.172737474350205247e+02
2.548700517270861781e+02 5.649876025991792261e+01 1.173552603454172356e+02
2.548966740766073826e+02 6.057070793433652511e+01 1.194007566689466415e+02
2.549142655608755206e+02 6.443994741792066350e+01 1.217433310533515680e+02
2.549192886456908411e+02 6.897861448358413838e+01 1.245888872264021927e+02
2.549354800786593671e+02 6.955842809507524294e+01 1.249800038474692201e+02
2.549391351744185954e+02 6.881844220246237853e+01 1.246095139363885096e+02
2.549343044630643078e+02 6.826030266757865661e+01 1.242276846785225786e+02
2.549357258891928950e+02 6.833443057455539815e+01 1.242927389705882320e+02
2.549372648768809881e+02 6.883698486662106575e+01 1.247731168775649735e+02
2.549431215800273662e+02 6.992144750341996939e+01 1.253671554377564945e+02
2.549377564979480155e+02 7.116992989056087993e+01 1.261778278898768804e+02
2.549419032147742712e+02 7.266143339603283380e+01 1.267801385088919233e+02
2.549442010088919233e+02 7.387330070109439362e+01 1.274369442544459616e+02
2.549473003590971132e+02 7.449326692886457124e+01 1.285030566005471826e+02
2.549537555574555370e+02 7.336329728112174564e+01 1.281627693228454064e+02
2.549526761285909799e+02 7.358547794117646390e+01 1.280794716142270886e+02
2.549499187756497918e+02 7.372008592681258676e+01 1.281371195280437689e+02
2.549535631839945324e+02 7.468883592681258676e+01 1.288975076949384402e+02
2.549572503419972520e+02 7.309154839261286440e+01 1.277301427838577297e+02
2.549409520348837077e+02 6.939066774965800732e+01 1.264277851402188730e+02
2.549354373290013598e+02 6.281821776675786850e+01 1.233178437072503471e+02
2.549036850205198448e+02 5.811438739740081871e+01 1.207854822161422703e+02
2.548900799418604777e+02 5.496180318057455594e+01 1.184081096101231196e+02
2.549003398597811270e+02 5.858000598495212330e+01 1.205859375000000000e+02
2.549097020348837077e+02 6.063820964432284200e+01 1.219740188953488342e+02
2.549378526846785178e+02 6.461967766757865661e+01 1.246614654582763393e+02
2.549492561559507635e+02 6.865965928522571460e+01 1.272468899623802940e+02
2.549474499829001388e+02 6.939348922708617806e+01 1.277857066518467803e+02
2.549496836525307799e+02 6.882963192544460185e+01 1.273835071819425480e+02
2.549434956395348877e+02 6.803940449726401596e+01 1.270498674760601858e+02
2.549358434507524009e+02 6.779442758207933650e+01 1.265895925957592283e+02
2.549381198700410494e+02 6.840530950752393835e+01 1.272318848324213434e+02
2.549459323700410494e+02 6.946717895006840138e+01 1.279732066518467803e+02
2.549394557968536219e+02 7.082759062927496529e+01 1.288370383036935607e+02
2.549524089432284484e+02 7.185154112517099634e+01 1.290294545143638913e+02
2.549576671511627808e+02 7.243417621409028584e+01 1.296182989911080767e+02
2.549550380471956146e+02 7.345325324897400776e+01 1.310885986662106575e+02
2.549523768809849571e+02 7.297411508207933650e+01 1.304749059507524009e+02
2.549560212893296978e+02 7.339120212038304203e+01 1.309048713235294201e+02
2.549526333789329726e+02 7.368565107729138219e+01 1.307686709131326950e+02
2.549441796340629196e+02 7.442895006839945893e+01 1.308488372093023315e+02
2.549487217852257288e+02 7.337214646032832377e+01 1.299684293775649735e+02
2.549425123974008329e+02 7.307897999316006121e+01 1.294136456908344712e+02
2.549430788303693589e+02 7.121866450068399956e+01 1.279727470930232585e+02
2.549242796682626420e+02 6.360430916552667924e+01 1.233659156976744242e+02
2.549163496067031360e+02 5.648359481874145160e+01 1.196820066689466415e+02
2.548920143638850959e+02 5.558674974350205389e+01 1.190880108584131278e+02
2.548790719049247571e+02 5.581128163474691917e+01 1.190277445280437689e+02
2.549088256668946713e+02 6.011319040697674154e+01 1.223194147571819457e+02
2.549259789671682768e+02 6.431045870383036345e+01 1.243183353283173744e+02
2.549293775649794895e+02 6.620742134062928130e+01 1.247281869870041078e+02
2.549388786764705799e+02 6.951839304035567579e+01 1.268383207934336525e+02
2.549488714090287260e+02 6.907148811559507351e+01 1.264259148426812516e+02
2.549432177667578685e+02 6.875865680574555938e+01 1.262579086867305023e+02
2.549484225376197060e+02 6.893508464432284200e+01 1.267726038816689424e+02
2.549466056771545936e+02 6.936476145690834016e+01 1.270499636627907023e+02
2.549489569083447407e+02 7.093786337209301962e+01 1.278204086867305023e+02
2.549595908857729114e+02 7.284173007865936711e+01 1.287700282147742712e+02
2.549527295656634749e+02 7.399559678522571460e+01 1.291619143296853736e+02
2.549445430061559534e+02 7.358873760259918129e+01 1.289987281976744100e+02
2.549536379958960310e+02 7.468119442544460185e+01 1.293218087380300858e+02
2.549514577633378849e+02 7.501685405266758266e+01 1.285699384404924785e+02
2.549502073358413270e+02 7.535470459986319725e+01 1.283862324726402164e+02
2.549513508891928950e+02 7.431650778043776029e+01 1.276604715287277685e+02
2.549504424589603389e+02 7.429455583105335847e+01 1.275639855506155982e+02
2.549478774794801552e+02 7.425068399452804613e+01 1.272088213919288648e+02
2.549494485294117680e+02 7.526085841313269498e+01 1.274950089774281849e+02
2.549445857558139608e+02 7.483865210328316664e+01 1.271977919801641548e+02
2.549445964432284484e+02 7.463606147400820134e+01 1.270573486662106717e+02
2.549393916723666109e+02 6.774364098837209269e+01 1.236393959473324173e+02
2.549206352599179297e+02 6.006962850547195387e+01 1.190793754274965863e+02
2.549052453830369416e+02 5.538746152530779909e+01 1.159187008378932973e+02
2.548773405437756594e+02 5.510971699726402306e+01 1.156193784199726338e+02
2.548926983584131278e+02 5.927132139192886484e+01 1.179199726402188730e+02
2.549154304890560923e+02 6.421143980848152921e+01 1.203590650649794753e+02
2.549206566347469334e+02 6.551711055061559819e+01 1.217895327462380237e+02
2.549334280950752429e+02 6.860430916552667213e+01 1.242490381326949347e+02
2.549436666381668886e+02 6.927783002735978357e+01 1.246757545314637525e+02
2.549410589090287260e+02 6.847420058139535115e+01 1.247300572845417292e+02
2.549457827462380237e+02 6.819233071135431601e+01 1.249852406805745488e+02
2.549369976915184566e+02 6.853566390218878723e+01 1.247426470588235361e+02
2.549436132010943936e+02 6.924242262311901186e+01 1.257300786593707187e+02
2.549487965971272274e+02 7.163638209644322785e+01 1.275170891757865945e+02
2.549595267612859004e+02 7.387365338577291141e+01 1.293825239398084932e+02
2.549603176299589506e+02 7.544909584473323605e+01 1.302360101744185954e+02
2.549744891415868722e+02 7.641524880300957534e+01 1.312021417578659452e+02
2.549692950581395223e+02 7.592206737346101875e+01 1.313054997435020539e+02
2.549715501025991671e+02 7.631986362859096573e+01 1.310490338577291425e+02
2.549616535567715516e+02 7.416517399110807673e+01 1.295439038987688036e+02
2.549582549589603389e+02 7.419406207250341367e+01 1.295415954172366639e+02
2.549580091484268110e+02 7.466171126880985298e+01 1.297104138166894529e+02
2.549623696135431032e+02 7.319382694938440181e+01 1.284318249829001388e+02
2.549520241963064393e+02 7.202711397058823195e+01 1.277564231361149041e+02
2.549408879103967251e+02 6.549375854993159862e+01 1.244270904582763393e+02
2.549043369528043854e+02 5.872067373461012352e+01 1.210251795485636137e+02
2.548908494357045242e+02 5.320126538987688036e+01 1.185597319596443242e+02
2.548734610123119069e+02 5.316593279753762147e+01 1.182013402017783790e+02
2.548862645348837077e+02 5.766578317373461005e+01 1.209826863885088954e+02
2.549078851744185954e+02 6.213387055403556758e+01 1.241540590800273662e+02
2.549275820793433525e+02 6.611297665868673334e+01 1.270190770348837219e+02
2.549292493160054676e+02 6.695949469904240914e+01 1.276034221101231196e+02
2.549320814808481543e+02 6.692899281805745204e+01 1.276110422366621009e+02
2.549374893125855124e+02 6.629553907318741324e+01 1.275829663987688036e+02
2.549378740595075215e+02 6.542348879958960595e+01 1.266211739056087566e+02
2.549370831908344712e+02 6.544570793433652511e+01 1.264454621238030114e+02
2.549380236833105471e+02 6.685949256155950593e+01 1.270649260430916598e+02
2.549418177154582850e+02 6.826247221272230092e+01 1.275589945280437689e+02
2.549395626709986402e+02 6.942958062585499590e+01 1.278975183823529420e+02
2.549501966484268110e+02 7.198458874829000820e+01 1.292802026333789343e+02
2.549588748290013598e+02 7.317546597127223151e+01 1.299646887824897306e+02
2.549602321306429644e+02 7.377976444938440181e+01 1.300235443741450183e+02
2.549570793433652511e+02 7.382623332763337487e+01 1.294852727428180685e+02
2.549556258549931727e+02 7.233656805745553697e+01 1.283661401333789343e+02
2.549478347298221479e+02 7.332963192544460185e+01 1.283476402188782401e+02
2.549449384404924785e+02 7.271954086867305023e+01 1.285483712380300858e+02
2.549319425444596448e+02 6.576866022571819315e+01 1.249220459986320151e+02
2.549081951094391343e+02 5.768792749658003061e+01 1.207795934507524009e+02
2.549025200923392731e+02 5.562278770519835547e+01 1.186673221614227032e+02
2.548923777359781013e+02 5.542399110807113516e+01 1.182020776333789343e+02
2.548994848666210657e+02 5.950413602941176805e+01 1.210992112688098530e+02
2.549303608071135443e+02 6.246036037961696508e+01 1.234614611833105329e+02
2.549410802838577297e+02 6.623159627222982238e+01 1.258333618331053287e+02
2.549416467168262557e+02 6.994523768809850139e+01 1.276370233413132667e+02
2.549411871580027480e+02 6.981080070109439362e+01 1.270009084302325562e+02
2.549391137995895917e+02 6.874152488030095753e+01 1.260803586696306411e+02
2.549399153556771580e+02 6.589907874487003880e+01 1.248487517099863169e+02
2.549405886627907023e+02 6.598431087551298901e+01 1.242516351744186096e+02
2.549419139021887872e+02 6.620090201778386074e+01 1.243005835328317374e+02
2.549424696477428256e+02 6.990748974008208450e+01 1.253034156976744242e+02
2.549394878590971132e+02 7.161127735978112696e+01 1.259238628590971274e+02
2.549457613714090201e+02 7.208996665526676395e+01 1.262056365424076603e+02
2.549502287106703022e+02 7.296230548905609226e+01 1.271448892783857758e+02
2.549552411080711352e+02 7.256615509575922829e+01 1.269370831908344712e+02
2.549547601744185954e+02 7.347349521203830136e+01 1.272857600889192895e+02
2.549574854651162923e+02 7.382044074897400776e+01 1.276904069767441854e+02
2.549546853625170968e+02 7.138450111149110455e+01 1.259866941689466415e+02
2.549297943741450183e+02 6.361269878590971416e+01 1.220644664842681237e+02
2.549062606874144876e+02 5.535593365253077991e+01 1.174622306771545794e+02
2.548776504787961699e+02 5.275878505471956004e+01 1.162300359097127256e+02
2.548651568912448795e+02 5.279476957934336667e+01 1.165082506839945324e+02
2.548728090800273662e+02 5.590754317715457944e+01 1.181528193399452817e+02
2.548929976060191507e+02 5.993683738030095753e+01 1.211249786251709963e+02
2.549078851744185954e+02 6.452660097469220091e+01 1.238612025478796141e+02
2.549292920656634749e+02 6.537886884404925070e+01 1.245849970075239384e+02
2.549328937243502082e+02 6.471191005471956714e+01 1.241714475034199694e+02
2.549281591997263945e+02 6.606765133378932831e+01 1.252356147400820845e+02
2.549288111320109351e+02 6.588618972298220910e+01 1.249721913474692201e+02
2.549307562414500694e+02 6.569269408344733563e+01 1.247418668775649735e+02
2.549322524794801552e+02 6.662415569425444062e+01 1.250928522571819457e+02
2.549356403898768804e+02 6.854925829343365251e+01 1.263457912961696366e+02
2.549379061217510127e+02 6.944671255129958354e+01 1.266877244357045100e+02
2.549492775307797672e+02 7.044898897058823195e+01 1.275823999658002776e+02
2.549417215287277827e+02 7.200516202120383014e+01 1.285389128761970028e+02
2.549455476231190119e+02 7.236109567373461005e+01 1.288586055061559534e+02
2.549398298563611434e+02 7.228623033515731322e+01 1.285011969904240630e+02
2.549426299589603389e+02 7.109869827291382194e+01 1.277825645519835831e+02
2.549507737688098530e+02 7.084379274965800732e+01 1.278472127222982238e+02
2.549439445109439077e+02 6.494419032147742143e+01 1.246042022913816680e+02
2.549159221101231196e+02 5.901742048563611576e+01 1.213602620554035525e+02
2.548985871238029972e+02 5.653975718194254796e+01 1.205384426299589649e+02
2.548973687585499306e+02 5.715563012995895775e+01 1.209210627564979461e+02
2.549028407147742712e+02 5.851688611491108105e+01 1.214261179035567721e+02
2.549112517099863169e+02 6.235249230506155982e+01 1.228979886285909657e+02
2.549199619528043854e+02 6.371024281805745204e+01 1.233392399110807105e+02
2.549291317544459616e+02 6.754520776333789911e+01 1.252180660054719539e+02
2.549417535909712740e+02 6.816925658344733563e+01 1.250063483242134055e+02
2.549437521374829032e+02 6.747260815663474887e+01 1.246665847298221621e+02
2.549418925273597836e+02 6.737305489056087993e+01 1.240526568912448653e+02
2.549458148084815434e+02 6.758670699384404656e+01 1.238596528727770192e+02
2.549429719562243406e+02 6.790462551299589222e+01 1.235409007352941160e+02
2.549414650307797672e+02 6.910418091655266437e+01 1.237517847982216210e+02
2.549480698529411882e+02 7.066279069767442422e+01 1.249395412961696366e+02
2.549487324726402164e+02 7.164619314295485708e+01 1.254896973324213434e+02
2.549596656976744100e+02 7.283849179206566760e+01 1.270536508207934361e+02
2.549652872777017762e+02 7.461764705882353610e+01 1.279525158173734667e+02
2.549606810020519845e+02 7.348254745212038586e+01 1.280551256839945324e+02
2.549539051812585626e+02 7.323602086183311144e+01 1.275986662106703164e+02
2.549533280608755206e+02 7.433805360807113516e+01 1.282342574384404941e+02
2.549604993160054676e+02 7.567593621751025523e+01 1.286477428180574520e+02
2.549516073871409105e+02 7.059011627906976116e+01 1.264776526162790731e+02
2.549234139876880931e+02 6.335669245896033175e+01 1.231354309165526644e+02
2.549023597811217599e+02 5.841111277359781440e+01 1.200533729480164169e+02
2.548951885259917844e+02 5.767742176812585342e+01 1.196218151504787954e+02
2.549128120725034137e+02 5.929681087551299612e+01 1.212163025820793365e+02
2.549171404753761863e+02 6.102063739740081871e+01 1.227947054548563557e+02
2.549129616963064393e+02 6.364831993844049407e+01 1.244268873974008187e+02
2.549278278898768804e+02 6.418991535567715800e+01 1.250855527530779767e+02
2.549417322161422703e+02 6.730449512653898125e+01 1.271291039671682626e+02
2.549440086354309187e+02 6.733876966484268678e+01 1.275245489911080767e+02
2.549436773255814046e+02 6.681730933652531235e+01 1.274727791552667640e+02
2.549414115937072438e+02 6.671466740766074111e+01 1.269949982900136831e+02
2.549395199213406329e+02 6.757455540355677215e+01 1.277813034370725092e+02
2.549457934336525398e+02 6.911276291039671094e+01 1.282454578488372192e+02
2.549428543946648347e+02 7.009257438440492649e+01 1.291339560533515680e+02
2.549429398939808493e+02 7.137179377564979177e+01 1.295541317544459616e+02
2.549488714090287260e+02 7.253476615937071870e+01 1.304804740937072438e+02
2.549485187243502082e+02 7.306097169972640870e+01 1.314290141928864557e+02
2.549430895177838465e+02 7.109295913132694977e+01 1.308907211867305023e+02
2.549454621238029972e+02 7.112490381326949773e+01 1.308930724179206493e+02
2.549521524452804329e+02 7.109291638166894245e+01 1.311642762482900082e+02
2.549469476744185954e+02 7.086573401162790731e+01 1.302672174247605881e+02
2.549451415013679991e+02 7.130496537277701918e+01 1.309633207934336667e+02
2.549440834473324173e+02 6.991241663816688856e+01 1.303612987346101306e+02
2.549484759746922009e+02 7.064820237688098814e+01 1.310468215629275051e+02
2.549513829514363863e+02 7.155849221956223971e+01 1.319199512653898694e+02
2.549422558994528174e+02 6.901925872093023884e+01 1.306389684507524009e+02
2.549239697332421315e+02 6.167514534883721211e+01 1.272855784028727726e+02
2.549133250683994447e+02 5.765894322845417008e+01 1.248978176299589649e+02
2.549015368502051899e+02 5.456562072503420069e+01 1.228988863714090343e+02
2.548976038816689424e+02 5.674211268809849429e+01 1.240247734268125868e+02
2.549010452291381625e+02 5.692622477770177625e+01 1.241462038303693589e+02
2.549073294288645570e+02 6.014406634746922009e+01 1.259917706908344712e+02
2.549250064124487096e+02 6.421201692886457124e+01 1.282809828146374969e+02
2.549230933652530666e+02 6.478142099863201508e+01 1.285853283173734667e+02
2.549233178009575909e+02 6.305351188440492649e+01 1.270571456053351511e+02
2.549110058994528174e+02 6.071711482558139750e+01 1.259742326436388566e+02
2.549133357558139608e+02 6.114017612859097284e+01 1.265740530950752429e+02
2.549215009404924785e+02 6.186632181942544406e+01 1.269529112517099918e+02
2.549131220075239526e+02 6.263189338235294201e+01 1.269912149452804329e+02
2.549115830198358310e+02 6.639979480164159042e+01 1.286707421340629196e+02
2.549367732558139608e+02 6.822302496580027764e+01 1.303032767612859004e+02
2.549352449555403552e+02 6.951052710328316664e+01 1.305009725547195671e+02
2.549385794288645570e+02 6.984506455198358310e+01 1.307511649281805717e+02
2.549348281463748265e+02 7.016291894664843198e+01 1.301028129274965863e+02
2.549364953830369416e+02 7.113281250000000000e+01 1.301831181600547325e+02
2.549327334131326950e+02 6.968022187072503471e+01 1.292784498974008329e+02
2.549355442031463781e+02 6.927011371409028584e+01 1.287471037106703022e+02
2.549165633549931727e+02 6.855078659370724381e+01 1.277613500341997224e+02
2.549350098324213434e+02 6.911321178180574520e+01 1.287544139021887872e+02
2.549394023597811270e+02 6.993492433310532874e+01 1.288904005642954758e+02
2.549424375854993059e+02 7.075313141244869541e+01 1.292605805403556758e+02
2.549365381326949489e+02 6.951734567373461005e+01 1.284712187927496529e+02
2.549282767612859004e+02 6.815069254445964475e+01 1.271621280779753818e+02
2.549086974179206493e+02 6.313471485978111986e+01 1.247260281292749653e+02
2.548923029240766027e+02 5.854049461354308903e+01 1.223832827462380237e+02
2.548835926812585626e+02 5.572860379616962945e+01 1.205190556600547183e+02
2.548827270006839854e+02 5.453448828659370662e+01 1.201142270861833055e+02
2.548733648255814046e+02 5.523144664842681095e+01 1.204242903556771580e+02
2.548860294117646959e+02 5.985527103283173744e+01 1.232931237175102552e+02
2.549071691176470722e+02 6.367535909712722031e+01 1.254736982729138219e+02
2.549138808139534831e+02 6.358882310191518172e+01 1.257360849863201082e+02
2.549203360123119069e+02 6.396461397058823195e+01 1.263107365766073826e+02
2.549271866450068273e+02 6.393362046853625458e+01 1.267038838064295447e+02
2.549266950239398000e+02 6.371042450410396896e+01 1.265942736833105329e+02
2.549201115766073826e+02 6.371687970246237853e+01 1.267437799247606023e+02
2.549251560362517068e+02 6.427875983242134339e+01 1.270487559849521233e+02
2.549247178522571744e+02 6.530796853625170684e+01 1.276392463235294059e+02
2.549324021032831808e+02 6.624107600889192327e+01 1.286696199555403552e+02
2.549404390389876767e+02 6.745077376880985298e+01 1.294885430916552593e+02
2.549327334131326950e+02 6.818831224350205389e+01 1.301455305232558146e+02
2.549321883549931727e+02 6.824750983242134339e+01 1.305238756839945324e+02
2.549229437414500694e+02 6.824421810875513472e+01 1.300212465800273662e+02
2.549253056600547325e+02 6.901439594733241734e+01 1.304137205027359698e+02
2.549382267441860392e+02 6.960491834815321965e+01 1.306662213577291425e+02
2.549351380813953369e+02 6.936070023939808493e+01 1.306097276846785178e+02
2.549251987859097142e+02 6.675491621067031645e+01 1.293965672024623927e+02
2.549290355677154594e+02 6.708398170314637809e+01 1.294622948016415762e+02
2.549269408344733279e+02 6.792212081053351369e+01 1.298504830711354430e+02
2.549291424418604777e+02 6.721462465800273378e+01 1.297749871751026092e+02
2.549105356532147653e+02 6.141141202120383014e+01 1.262464090287277685e+02
2.548958404582763251e+02 5.613354993160054818e+01 1.238652210157318763e+02
2.548724029582763251e+02 5.422359139876881073e+01 1.223730335157318763e+02
2.548750961867305023e+02 5.479363671340629338e+01 1.232746238030095753e+02
2.548779497264021927e+02 5.581616578317373722e+01 1.240450795143638913e+02
2.548944831566347489e+02 5.901042022913816965e+01 1.261440235978112128e+02
2.549106318399452675e+02 6.430009191176471006e+01 1.292403599521203716e+02
2.549322952291381625e+02 6.582609439124486528e+01 1.298212743673050511e+02
2.549182305916552593e+02 6.528039500683993879e+01 1.291505536080711352e+02
2.549192672708618375e+02 6.413457592339261737e+01 1.286065855848153205e+02
2.549223559336525398e+02 6.373864996580027054e+01 1.288378291723666109e+02
2.549249102257182074e+02 6.475510858413132098e+01 1.291558545656634749e+02
2.549284156976744100e+02 6.564879018467851779e+01 1.297367048563611434e+02
2.549402894151846795e+02 6.662818484952120457e+01 1.303561794630643078e+02
2.549420849008207881e+02 6.832339047537620047e+01 1.308973366963064393e+02
2.549395947332421315e+02 7.003455241108071050e+01 1.320114355335157370e+02
2.549386328659370804e+02 7.052817202462379953e+01 1.323671447503419927e+02
2.549320387311901470e+02 7.114011200410396896e+01 1.323958190834473214e+02
2.549332784712722173e+02 7.034647529069766847e+01 1.331088940663474602e+02
2.549315471101231196e+02 7.035285567715457944e+01 1.326974927325581461e+02
2.549283195109439077e+02 6.965623931258549817e+01 1.320295507010943936e+02
2.549312478625170968e+02 7.038812414500684156e+01 1.326699940150478767e+02
2.549191817715458228e+02 6.910771845075240094e+01 1.317376667236662229e+02
2.549271332079343324e+02 6.884569510943912007e+01 1.314050530095759370e+02
2.549257438440492365e+02 6.997797323871408537e+01 1.322013829514363863e+02
2.549415291552667497e+02 7.163345374487003880e+01 1.325904689637482932e+02
2.549357686388509023e+02 7.180974264705882604e+01 1.321052175957592283e+02
2.549205390731874274e+02 6.955938996238029404e+01 1.307436837380300858e+02
2.549186901504787954e+02 7.004136029411765207e+01 1.307709687072503471e+02
2.549293775649794895e+02 7.147872135772914248e+01 1.317652081908344712e+02
2.549301363714090201e+02 7.244040697674418539e+01 1.326373012140902858e+02
2.549313654240766027e+02 7.156015945622435481e+01 1.315951179890560923e+02
2.549212551299589506e+02 6.370767783857728972e+01 1.273722533344733279e+02
2.549110593365253123e+02 5.721051000341996939e+01 1.242501709986320151e+02
2.548747541894664721e+02 5.351639449384404656e+01 1.216823272913816680e+02
2.548541809165526786e+02 5.184652872777017762e+01 1.208550145348837219e+02
2.548405865253077991e+02 5.290447588919288791e+01 1.211492604309165557e+02
2.548833361833105471e+02 5.720378761969904247e+01 1.237277488030095753e+02
2.548950495896032749e+02 6.086766843365253266e+01 1.257709900820793365e+02
2.549107173392612822e+02 6.238356061901505001e+01 1.266357622264021927e+02
2.549237666723666109e+02 6.599042407660738263e+01 1.289618245554035525e+02
2.549253804719562311e+02 6.602828958618330546e+01 1.285225076949384402e+02
2.549148747435020539e+02 6.496977599179206209e+01 1.280270177838577297e+02
2.549252094733242018e+02 6.466512055403556758e+01 1.277125940492475991e+02
2.549277637653898694e+02 6.549599221956223971e+01 1.278976252564979461e+02
2.549338769664842630e+02 6.675213748290013882e+01 1.293920036764705799e+02
2.549337273426812658e+02 6.803590971272230092e+01 1.301483947503419927e+02
2.549333853454172356e+02 6.953477684678522053e+01 1.307372606019151817e+02
2.549337273426812658e+02 7.053081181600546756e+01 1.311166210670314740e+02
2.549217360636114904e+02 7.018144023597811554e+01 1.305657810362517068e+02
2.549323700410396611e+02 7.049714646032832377e+01 1.308283494357045242e+02
2.549390603625170968e+02 6.984133464432284200e+01 1.304535097469220375e+02
2.549325944767441854e+02 7.060897956566347489e+01 1.305754531463748265e+02
2.549370404411764639e+02 7.075091911764705799e+01 1.309438269493844018e+02
2.549340052154582850e+02 7.075328103625170684e+01 1.303746793775649735e+02
2.549448850034199836e+02 7.044814466484268678e+01 1.304035247093023315e+02
2.549419780266757982e+02 7.196016800615595344e+01 1.313385666039671662e+02
2.549404711012311964e+02 7.268906036251709679e+01 1.317596293604651123e+02
2.549330647229822091e+02 7.232822118673050227e+01 1.310978646545827644e+02
2.549304890560875378e+02 7.222803736320109635e+01 1.316409349350205105e+02
2.549299867476060228e+02 7.167814851231190687e+01 1.311843365253077991e+02
2.549343044630643078e+02 7.294555831053351369e+01 1.315062841997263945e+02
2.549299760601915068e+02 7.363751496238029404e+01 1.321397272571819315e+02
2.549217040013679991e+02 7.344046041381669454e+01 1.317299931600547325e+02
2.549328189124487096e+02 7.056202975376197628e+01 1.301675252222982238e+02
2.549172794117646959e+02 6.449643040355677215e+01 1.271664137311901470e+02
2.549029048392612822e+02 5.833859866621067169e+01 1.239058225034199694e+02
2.548738457592339159e+02 5.499846101231189976e+01 1.217790590800273662e+02
2.548700837893296978e+02 5.533857729138166803e+01 1.220070857558139465e+02
2.548690364227086320e+02 5.721584302325581461e+01 1.233051791210670274e+02
2.548810811388509023e+02 6.077639791381668743e+01 1.255420122264021927e+02
2.548951885259917844e+02 6.337878334473324315e+01 1.265100996067031502e+02
2.549086653556771580e+02 6.518922067373461005e+01 1.278865530950752429e+02
2.549343044630643078e+02 6.625840030779754386e+01 1.281470908857729114e+02
2.549220780608755206e+02 6.604461995554035525e+01 1.279572396545827644e+02
2.549263530266757982e+02 6.494752479480163743e+01 1.275136264534883708e+02
2.549247392270861781e+02 6.556683909028727442e+01 1.268201415013679849e+02
2.549266415868673050e+02 6.679316646716826256e+01 1.274189893980848183e+02
2.549206566347469334e+02 6.735941774965800732e+01 1.274027765902872744e+02
2.549293561901504859e+02 6.746842937756497349e+01 1.273582100718194283e+02
2.549106318399452675e+02 6.812695579685362191e+01 1.275792471785225786e+02
2.549249529753761863e+02 6.956993844049247855e+01 1.281956010601915068e+02
2.549425765218878155e+02 7.099272187072503471e+01 1.292536978454172356e+02
2.549362388850889261e+02 7.135429847811217030e+01 1.293019622093023315e+02
2.549353625170998612e+02 7.137072503419972236e+01 1.295517377735978073e+02
2.549366770690834585e+02 6.989145861833105755e+01 1.288276868160054676e+02
2.549334387824897306e+02 7.071946605677155162e+01 1.291078466997263945e+02
2.549351594562243406e+02 7.165683780779754386e+01 1.296457977086183178e+02
2.549332464090287260e+02 7.185119912790698038e+01 1.294815214603283096e+02
2.549298264363885096e+02 7.141720459986319725e+01 1.298521930574555370e+02
2.549400436046511516e+02 7.099732814637482647e+01 1.297125940492475991e+02
2.549316112346101306e+02 7.139379916210670274e+01 1.297817523084815434e+02
2.549196627051983626e+02 6.574215543775649451e+01 1.270068078830369416e+02
2.549042300786593671e+02 5.997735336867305023e+01 1.239931600547195671e+02
2.548994100547195671e+02 5.809442330711354430e+01 1.226841869015047877e+02
2.548840415526675827e+02 5.624767014363884954e+01 1.220934828146374826e+02
2.548815620725034137e+02 5.826471656976744384e+01 1.230015176128591037e+02
2.548948572161422703e+02 6.177217638508891895e+01 1.250185426641586872e+02
2.549081737346101306e+02 6.397096229480164453e+01 1.270271460328317374e+02
2.549179206566347489e+02 6.512188996238029404e+01 1.275087529924760616e+02
2.549179527188782401e+02 6.721818356703145980e+01 1.287145498461012210e+02
2.549222490595075215e+02 6.733725205198358310e+01 1.287711503932968640e+02
2.549396588577291425e+02 6.704198016415868722e+01 1.287600034199726338e+02
2.549259682797537607e+02 6.644213833789329726e+01 1.283276013166894529e+02
2.549236704856361087e+02 6.646716826265389955e+01 1.282132566689466557e+02
2.549313867989056064e+02 6.747586781805745204e+01 1.290319874316005553e+02
2.549267912106703022e+02 6.915519194596443242e+01 1.298083212209302246e+02
2.549259041552667497e+02 7.069965159028727442e+01 1.307615424076607269e+02
2.549295699384404941e+02 7.092322161422708859e+01 1.305175701094391343e+02
2.549238521716826256e+02 7.136733712380301142e+01 1.297817095588235361e+02
2.549333639705882320e+02 7.289915355677155162e+01 1.306466313269493753e+02
2.549314402359781013e+02 7.168179292065663333e+01 1.299641650991792119e+02
2.549205604480164027e+02 7.089876880984951413e+01 1.291950132523939772e+02
2.549369121922024704e+02 7.126488756839945893e+01 1.295935790013679991e+02
2.549347105848153205e+02 7.183406720246237853e+01 1.300758058310533443e+02
2.549361854480164027e+02 6.812320451436389135e+01 1.281630258207934219e+02
2.549078531121751041e+02 6.180250726744186096e+01 1.246484375000000000e+02
2.548751282489740220e+02 5.631240381326949063e+01 1.222120062414500694e+02
2.548642270861833197e+02 5.540714774281805433e+01 1.216492604309165557e+02
2.548628056600547325e+02 5.709014834131326666e+01 1.225230634404924785e+02
2.548682455540355818e+02 5.747410439466484178e+01 1.231234930745553982e+02
2.548796810875512904e+02 6.153474478454172214e+01 1.254529005642954900e+02
2.549108669630643078e+02 6.379098623461012352e+01 1.273108434507524009e+02
2.549221742476060228e+02 6.698027103283173744e+01 1.293358840629275051e+02
2.549185832763337771e+02 6.656138850889192327e+01 1.288830369357045242e+02
2.549083233584131278e+02 6.518204941860464885e+01 1.281945643809849571e+02
2.549179313440492365e+02 6.562321520177837897e+01 1.285005878077975296e+02
2.549200474521203716e+02 6.727539329685362191e+01 1.293828018125855124e+02
2.549209238201094365e+02 6.805072246922024704e+01 1.300206480848153205e+02
2.549207314466484320e+02 6.874924119357045527e+01 1.306076970759233973e+02
2.549256904069767415e+02 6.953699982900137400e+01 1.310591120896032749e+02
2.549287470075239526e+02 7.083237859097127398e+01 1.321147400820793507e+02
2.549309058652530666e+02 7.188183994528043286e+01 1.324750341997263945e+02
2.549309806771545936e+02 7.209537448700410778e+01 1.324238414842681379e+02
2.549223345588235361e+02 7.187537405950752145e+01 1.321515582250341936e+02
2.549391672366621151e+02 7.288048264363885664e+01 1.329048499487004165e+02
2.549307883036935607e+02 7.018148298563610865e+01 1.315669139021887872e+02
2.549219711867305023e+02 6.511723024965800732e+01 1.290917621409028868e+02
2.549042300786593671e+02 5.987118459302325846e+01 1.269098837209302388e+02
2.548947182797537607e+02 5.804395733584131278e+01 1.255246986149110739e+02
2.548859652872777133e+02 5.862886884404925070e+01 1.261556621922024561e+02
2.548911807455540384e+02 5.996907062243501940e+01 1.271912192202462393e+02
